,Iteration,Time,Fitness,FEvals,Temperature,max_iters
0,0,0.0010057500330731273,26.0,0.0,0.1,300
1,1,0.22659487498458475,26.0,2.0,0.1,300
2,2,0.2275521249976009,25.0,4.0,0.1,300
3,3,0.22850025002844632,23.0,6.0,0.1,300
4,4,0.22944949998054653,20.0,8.0,0.1,300
5,5,0.230514790979214,19.0,10.0,0.1,300
6,6,0.23165637499187142,18.0,12.0,0.1,300
7,7,0.2327913329936564,17.0,14.0,0.1,300
8,8,0.23392854095436633,16.0,16.0,0.1,300
9,9,0.23507566598709673,16.0,18.0,0.1,300
10,10,0.23620799998752773,15.0,20.0,0.1,300
11,11,0.23734175006393343,15.0,22.0,0.1,300
12,12,0.23793075000867248,15.0,23.0,0.1,300
13,13,0.23852187499869615,15.0,24.0,0.1,300
14,14,0.23911387496627867,15.0,25.0,0.1,300
15,15,0.23970487504266202,15.0,26.0,0.1,300
16,16,0.24084487499203533,15.0,28.0,0.1,300
17,17,0.2414305410347879,15.0,29.0,0.1,300
18,18,0.24257579096592963,15.0,31.0,0.1,300
19,19,0.24316225002985448,15.0,32.0,0.1,300
20,20,0.2437515000347048,15.0,33.0,0.1,300
21,21,0.2443419999908656,15.0,34.0,0.1,300
22,22,0.24547091603744775,15.0,36.0,0.1,300
23,23,0.24595720798242837,15.0,37.0,0.1,300
24,24,0.24644620798062533,15.0,38.0,0.1,300
25,25,0.24739083298482,15.0,40.0,0.1,300
26,26,0.24787520803511143,15.0,41.0,0.1,300
27,27,0.24835975002497435,15.0,42.0,0.1,300
28,28,0.24929304094985127,14.0,44.0,0.1,300
29,29,0.2502322499640286,14.0,46.0,0.1,300
30,30,0.2507162500405684,14.0,47.0,0.1,300
31,31,0.25120291602797806,14.0,48.0,0.1,300
32,32,0.2521467909682542,14.0,50.0,0.1,300
33,33,0.25263583299238235,14.0,51.0,0.1,300
34,34,0.25312379095703363,14.0,52.0,0.1,300
35,35,0.2536090409848839,14.0,53.0,0.1,300
36,36,0.25409529102034867,14.0,54.0,0.1,300
37,37,0.25458329101093113,14.0,55.0,0.1,300
38,38,0.25507587497122586,14.0,56.0,0.1,300
39,39,0.25601516605820507,14.0,58.0,0.1,300
40,40,0.2569493750343099,13.0,60.0,0.1,300
41,41,0.25788758299313486,13.0,62.0,0.1,300
42,42,0.25883137504570186,13.0,64.0,0.1,300
43,43,0.2593194160144776,13.0,65.0,0.1,300
44,44,0.2598083330085501,13.0,66.0,0.1,300
45,45,0.2607483749743551,13.0,68.0,0.1,300
46,46,0.2612082080449909,13.0,69.0,0.1,300
47,47,0.26203479105606675,13.0,71.0,0.1,300
48,48,0.26286600006278604,13.0,73.0,0.1,300
49,49,0.26329683302901685,13.0,74.0,0.1,300
50,50,0.2637265829835087,13.0,75.0,0.1,300
51,51,0.2645524999825284,12.0,77.0,0.1,300
52,52,0.264987290953286,12.0,78.0,0.1,300
53,53,0.26542199996765703,12.0,79.0,0.1,300
54,54,0.2658558329567313,12.0,80.0,0.1,300
55,55,0.26628937502391636,12.0,81.0,0.1,300
56,56,0.2671222910284996,12.0,83.0,0.1,300
57,57,0.2675574580207467,12.0,84.0,0.1,300
58,58,0.26799141603987664,12.0,85.0,0.1,300
59,59,0.2688229159684852,12.0,87.0,0.1,300
60,60,0.26925658294931054,12.0,88.0,0.1,300
61,61,0.26969020802062005,12.0,89.0,0.1,300
62,62,0.27052337501663715,12.0,91.0,0.1,300
63,63,0.27135595795698464,12.0,93.0,0.1,300
64,64,0.27179058303590864,12.0,94.0,0.1,300
65,65,0.27262137504294515,11.0,96.0,0.1,300
66,66,0.27305908303242177,11.0,97.0,0.1,300
67,67,0.27349545795004815,11.0,98.0,0.1,300
68,68,0.27393166604451835,11.0,99.0,0.1,300
69,69,0.27436762501019984,11.0,100.0,0.1,300
70,70,0.27480412495788187,11.0,101.0,0.1,300
71,71,0.2756455830531195,11.0,103.0,0.1,300
72,72,0.27648058300837874,11.0,105.0,0.1,300
73,73,0.2769191659754142,11.0,106.0,0.1,300
74,74,0.2773585830582306,11.0,107.0,0.1,300
75,75,0.2777958329534158,11.0,108.0,0.1,300
76,76,0.2786334160482511,11.0,110.0,0.1,300
77,77,0.2790928330505267,11.0,111.0,0.1,300
78,78,0.2799777500331402,11.0,113.0,0.1,300
79,79,0.28083850000984967,10.0,115.0,0.1,300
80,80,0.2816794579848647,10.0,117.0,0.1,300
81,81,0.2821185829816386,10.0,118.0,0.1,300
82,82,0.28256004105787724,10.0,119.0,0.1,300
83,83,0.2829996249638498,10.0,120.0,0.1,300
84,84,0.283836540998891,9.0,122.0,0.1,300
85,85,0.28467629104852676,9.0,124.0,0.1,300
86,86,0.2851188749773428,9.0,125.0,0.1,300
87,87,0.28555945795960724,9.0,126.0,0.1,300
88,88,0.28599995805416256,9.0,127.0,0.1,300
89,89,0.28644166595768183,9.0,128.0,0.1,300
90,90,0.28688216605223715,9.0,129.0,0.1,300
91,91,0.2873243329813704,9.0,130.0,0.1,300
92,92,0.28776654100511223,9.0,131.0,0.1,300
93,93,0.2882129580248147,9.0,132.0,0.1,300
94,94,0.28865866595879197,9.0,133.0,0.1,300
95,95,0.28910337504930794,9.0,134.0,0.1,300
96,96,0.28954779100604355,9.0,135.0,0.1,300
97,97,0.29004895803518593,9.0,136.0,0.1,300
98,98,0.290507375029847,9.0,137.0,0.1,300
99,99,0.2909711659885943,9.0,138.0,0.1,300
100,100,0.29141491604968905,9.0,139.0,0.1,300
101,101,0.2918432500446215,9.0,140.0,0.1,300
102,102,0.29227145796176046,9.0,141.0,0.1,300
103,103,0.29269899998325855,9.0,142.0,0.1,300
104,104,0.2931303329532966,9.0,143.0,0.1,300
105,105,0.2939465830568224,7.0,145.0,0.1,300
106,106,0.2943745410302654,7.0,146.0,0.1,300
107,107,0.29480324999894947,7.0,147.0,0.1,300
108,108,0.2952326249796897,7.0,148.0,0.1,300
109,109,0.2956715830368921,7.0,149.0,0.1,300
110,110,0.2961191659560427,7.0,150.0,0.1,300
111,111,0.2965651659760624,7.0,151.0,0.1,300
112,112,0.29700987495016307,7.0,152.0,0.1,300
113,113,0.29745670803822577,7.0,153.0,0.1,300
114,114,0.2979022910585627,7.0,154.0,0.1,300
115,115,0.2983488329919055,7.0,155.0,0.1,300
116,116,0.2987948330119252,7.0,156.0,0.1,300
117,117,0.29924004105851054,7.0,157.0,0.1,300
118,118,0.2996866659959778,7.0,158.0,0.1,300
119,119,0.30013654101639986,7.0,159.0,0.1,300
120,120,0.3005844160215929,7.0,160.0,0.1,300
121,121,0.3010312910191715,7.0,161.0,0.1,300
122,122,0.3016227079788223,7.0,162.0,0.1,300
123,123,0.3021391249494627,7.0,163.0,0.1,300
124,124,0.30261379096191376,7.0,164.0,0.1,300
125,125,0.30307675001677126,7.0,165.0,0.1,300
126,126,0.3035360410576686,7.0,166.0,0.1,300
127,127,0.3039925410412252,7.0,167.0,0.1,300
128,128,0.3044479580130428,7.0,168.0,0.1,300
129,129,0.30491175001952797,7.0,169.0,0.1,300
130,130,0.30536879098508507,7.0,170.0,0.1,300
131,131,0.30582329095341265,7.0,171.0,0.1,300
132,132,0.3062744999770075,7.0,172.0,0.1,300
133,133,0.30672754102852196,7.0,173.0,0.1,300
134,134,0.307584207970649,7.0,175.0,0.1,300
135,135,0.30843816604465246,7.0,177.0,0.1,300
136,136,0.30889108299743384,7.0,178.0,0.1,300
137,137,0.3093387910630554,7.0,179.0,0.1,300
138,138,0.3101750409696251,7.0,181.0,0.1,300
139,139,0.31061525002587587,7.0,182.0,0.1,300
140,140,0.31105620798189193,7.0,183.0,0.1,300
141,141,0.3114977499935776,7.0,184.0,0.1,300
142,142,0.3119402499869466,7.0,185.0,0.1,300
143,143,0.312380125047639,7.0,186.0,0.1,300
144,144,0.3128198330523446,7.0,187.0,0.1,300
145,145,0.31326258298940957,7.0,188.0,0.1,300
146,146,0.3140917910495773,7.0,190.0,0.1,300
147,147,0.31492050003726035,7.0,192.0,0.1,300
148,148,0.31536274997051805,7.0,193.0,0.1,300
149,149,0.31580283294897527,7.0,194.0,0.1,300
150,150,0.3166322499746457,7.0,196.0,0.1,300
151,151,0.31707816605921835,7.0,197.0,0.1,300
152,152,0.31751945801079273,7.0,198.0,0.1,300
153,153,0.31836483301594853,7.0,200.0,0.1,300
154,154,0.31882179097738117,7.0,201.0,0.1,300
155,155,0.31927783298306167,7.0,202.0,0.1,300
156,156,0.31973233295138925,7.0,203.0,0.1,300
157,157,0.3205639160005376,7.0,205.0,0.1,300
158,158,0.3210068750195205,7.0,206.0,0.1,300
159,159,0.3214561250060797,7.0,207.0,0.1,300
160,160,0.32189929101150483,7.0,208.0,0.1,300
161,161,0.3223433749517426,7.0,209.0,0.1,300
162,162,0.32278687495272607,7.0,210.0,0.1,300
163,163,0.3236233330098912,7.0,212.0,0.1,300
164,164,0.32445766602177173,7.0,214.0,0.1,300
165,165,0.3249042499810457,7.0,215.0,0.1,300
166,166,0.3253492909716442,7.0,216.0,0.1,300
167,167,0.3257954999571666,7.0,217.0,0.1,300
168,168,0.3262437500525266,7.0,218.0,0.1,300
169,169,0.3267050830181688,7.0,219.0,0.1,300
170,170,0.32716574997175485,7.0,220.0,0.1,300
171,171,0.32762574998196214,7.0,221.0,0.1,300
172,172,0.3280858329962939,7.0,222.0,0.1,300
173,173,0.3285469999536872,7.0,223.0,0.1,300
174,174,0.32900866598356515,7.0,224.0,0.1,300
175,175,0.32946983305737376,7.0,225.0,0.1,300
176,176,0.3299315000185743,7.0,226.0,0.1,300
177,177,0.330392666044645,7.0,227.0,0.1,300
178,178,0.33085450006183237,7.0,228.0,0.1,300
179,179,0.3313448750413954,7.0,229.0,0.1,300
180,180,0.33186687505804,7.0,230.0,0.1,300
181,181,0.33234058297239244,7.0,231.0,0.1,300
182,182,0.3328098750207573,7.0,232.0,0.1,300
183,183,0.33327841595746577,7.0,233.0,0.1,300
184,184,0.3337469999678433,7.0,234.0,0.1,300
185,185,0.33421358303166926,7.0,235.0,0.1,300
186,186,0.33478779101278633,7.0,236.0,0.1,300
187,187,0.33531441597733647,7.0,237.0,0.1,300
188,188,0.33580987504683435,7.0,238.0,0.1,300
189,189,0.3362887080293149,7.0,239.0,0.1,300
190,190,0.3367645409889519,7.0,240.0,0.1,300
191,191,0.3372397910570726,7.0,241.0,0.1,300
192,192,0.3377144580008462,7.0,242.0,0.1,300
193,193,0.33818812505342066,7.0,243.0,0.1,300
194,194,0.3386607499560341,7.0,244.0,0.1,300
195,195,0.33913149998988956,7.0,245.0,0.1,300
196,196,0.3396046250127256,7.0,246.0,0.1,300
197,197,0.3400748330168426,7.0,247.0,0.1,300
198,198,0.3405439159832895,7.0,248.0,0.1,300
199,199,0.3410148329567164,7.0,249.0,0.1,300
200,200,0.34153299999888986,7.0,250.0,0.1,300
201,201,0.3424205830087885,7.0,252.0,0.1,300
202,202,0.3428925829939544,7.0,253.0,0.1,300
203,203,0.3433619160205126,7.0,254.0,0.1,300
204,204,0.3438318750122562,7.0,255.0,0.1,300
205,205,0.34430200001224875,7.0,256.0,0.1,300
206,206,0.3447739160619676,7.0,257.0,0.1,300
207,207,0.34524287504609674,7.0,258.0,0.1,300
208,208,0.34571270796004683,7.0,259.0,0.1,300
209,209,0.346182957990095,7.0,260.0,0.1,300
210,210,0.3466512080049142,7.0,261.0,0.1,300
211,211,0.34711966605391353,7.0,262.0,0.1,300
212,212,0.347589583019726,7.0,263.0,0.1,300
213,213,0.34806162503082305,7.0,264.0,0.1,300
214,214,0.3485315829748288,7.0,265.0,0.1,300
215,215,0.34900170797482133,7.0,266.0,0.1,300
216,216,0.3498731249710545,6.0,268.0,0.1,300
217,217,0.35034674999769777,6.0,269.0,0.1,300
218,218,0.3508284999988973,6.0,270.0,0.1,300
219,219,0.3513018749654293,6.0,271.0,0.1,300
220,220,0.35177695797756314,6.0,272.0,0.1,300
221,221,0.35224979103077203,6.0,273.0,0.1,300
222,222,0.35312462504953146,6.0,275.0,0.1,300
223,223,0.3535951250232756,6.0,276.0,0.1,300
224,224,0.3540677080163732,6.0,277.0,0.1,300
225,225,0.35453966597560793,6.0,278.0,0.1,300
226,226,0.35501220799051225,6.0,279.0,0.1,300
227,227,0.35548595804721117,6.0,280.0,0.1,300
228,228,0.3559587079798803,6.0,281.0,0.1,300
229,229,0.35643270798027515,6.0,282.0,0.1,300
230,230,0.35690650006290525,6.0,283.0,0.1,300
231,231,0.35738062497694045,6.0,284.0,0.1,300
232,232,0.35785408306401223,6.0,285.0,0.1,300
233,233,0.3583309999667108,6.0,286.0,0.1,300
234,234,0.35880704096052796,6.0,287.0,0.1,300
235,235,0.35928125004284084,6.0,288.0,0.1,300
236,236,0.36015295796096325,5.0,290.0,0.1,300
237,237,0.3606302080443129,5.0,291.0,0.1,300
238,238,0.3611079159891233,5.0,292.0,0.1,300
239,239,0.3615907500497997,5.0,293.0,0.1,300
240,240,0.3620660830056295,5.0,294.0,0.1,300
241,241,0.36254674999509007,5.0,295.0,0.1,300
242,242,0.3634227910079062,5.0,297.0,0.1,300
243,243,0.36389949999284,5.0,298.0,0.1,300
244,244,0.3643780000275001,5.0,299.0,0.1,300
245,245,0.3648539159912616,5.0,300.0,0.1,300
246,246,0.3653330410597846,5.0,301.0,0.1,300
247,247,0.36581012501847,5.0,302.0,0.1,300
248,248,0.36629162495955825,5.0,303.0,0.1,300
249,249,0.3667706659762189,5.0,304.0,0.1,300
250,250,0.3672527080634609,5.0,305.0,0.1,300
251,251,0.36773220798932016,5.0,306.0,0.1,300
252,252,0.368210208020173,5.0,307.0,0.1,300
253,253,0.36868845799472183,5.0,308.0,0.1,300
254,254,0.36916491598822176,5.0,309.0,0.1,300
255,255,0.36964479100424796,5.0,310.0,0.1,300
256,256,0.37012483295984566,5.0,311.0,0.1,300
257,257,0.37060516595374793,5.0,312.0,0.1,300
258,258,0.37108499999158084,5.0,313.0,0.1,300
259,259,0.3715667499927804,5.0,314.0,0.1,300
260,260,0.37204612500499934,5.0,315.0,0.1,300
261,261,0.3725264159729704,5.0,316.0,0.1,300
262,262,0.37300741602666676,5.0,317.0,0.1,300
263,263,0.37348675006069243,5.0,318.0,0.1,300
264,264,0.37396758305840194,5.0,319.0,0.1,300
265,265,0.37444783304817975,5.0,320.0,0.1,300
266,266,0.374927332974039,5.0,321.0,0.1,300
267,267,0.37540895806159824,5.0,322.0,0.1,300
268,268,0.37589033297263086,5.0,323.0,0.1,300
269,269,0.3763722500298172,5.0,324.0,0.1,300
270,270,0.3768537499709055,5.0,325.0,0.1,300
271,271,0.37733570800628513,5.0,326.0,0.1,300
272,272,0.37781924998853356,5.0,327.0,0.1,300
273,273,0.37830112501978874,5.0,328.0,0.1,300
274,274,0.37878491601441056,5.0,329.0,0.1,300
275,275,0.37966579105705023,5.0,331.0,0.1,300
276,276,0.3801476249936968,5.0,332.0,0.1,300
277,277,0.38063216605223715,5.0,333.0,0.1,300
278,278,0.3811164579819888,5.0,334.0,0.1,300
279,279,0.3816047500586137,5.0,335.0,0.1,300
280,280,0.3820892079966143,5.0,336.0,0.1,300
281,281,0.38257350004278123,5.0,337.0,0.1,300
282,282,0.3830634159967303,5.0,338.0,0.1,300
283,283,0.3835521249566227,5.0,339.0,0.1,300
284,284,0.3840381250483915,5.0,340.0,0.1,300
285,285,0.3845223330426961,5.0,341.0,0.1,300
286,286,0.3850081249838695,5.0,342.0,0.1,300
287,287,0.38549358304589987,5.0,343.0,0.1,300
288,288,0.38597862503957003,5.0,344.0,0.1,300
289,289,0.3864653749624267,5.0,345.0,0.1,300
290,290,0.3869508750503883,5.0,346.0,0.1,300
291,291,0.38783683301880956,5.0,348.0,0.1,300
292,292,0.38832416594959795,5.0,349.0,0.1,300
293,293,0.3888110000407323,5.0,350.0,0.1,300
294,294,0.3892962080426514,5.0,351.0,0.1,300
295,295,0.3897838330594823,5.0,352.0,0.1,300
296,296,0.3902705409564078,5.0,353.0,0.1,300
297,297,0.3907606659922749,5.0,354.0,0.1,300
298,298,0.39124883303884417,5.0,355.0,0.1,300
299,299,0.3917392500443384,5.0,356.0,0.1,300
300,300,0.3922275409568101,5.0,357.0,0.1,300
301,0,0.0010057500330731273,26.0,0.0,0.5,300
302,1,0.22659487498458475,26.0,2.0,0.5,300
303,2,0.2275521249976009,25.0,4.0,0.5,300
304,3,0.22850025002844632,23.0,6.0,0.5,300
305,4,0.22944949998054653,20.0,8.0,0.5,300
306,5,0.230514790979214,19.0,10.0,0.5,300
307,6,0.23165637499187142,18.0,12.0,0.5,300
308,7,0.2327913329936564,17.0,14.0,0.5,300
309,8,0.23392854095436633,16.0,16.0,0.5,300
310,9,0.23507566598709673,16.0,18.0,0.5,300
311,10,0.23620799998752773,15.0,20.0,0.5,300
312,11,0.23734175006393343,15.0,22.0,0.5,300
313,12,0.23793075000867248,15.0,23.0,0.5,300
314,13,0.23852187499869615,15.0,24.0,0.5,300
315,14,0.23911387496627867,15.0,25.0,0.5,300
316,15,0.23970487504266202,15.0,26.0,0.5,300
317,16,0.24084487499203533,15.0,28.0,0.5,300
318,17,0.2414305410347879,15.0,29.0,0.5,300
319,18,0.24257579096592963,15.0,31.0,0.5,300
320,19,0.24316225002985448,15.0,32.0,0.5,300
321,20,0.2437515000347048,15.0,33.0,0.5,300
322,21,0.2443419999908656,15.0,34.0,0.5,300
323,22,0.24547091603744775,15.0,36.0,0.5,300
324,23,0.24595720798242837,15.0,37.0,0.5,300
325,24,0.24644620798062533,15.0,38.0,0.5,300
326,25,0.24739083298482,15.0,40.0,0.5,300
327,26,0.24787520803511143,15.0,41.0,0.5,300
328,27,0.24835975002497435,15.0,42.0,0.5,300
329,28,0.24929304094985127,14.0,44.0,0.5,300
330,29,0.2502322499640286,14.0,46.0,0.5,300
331,30,0.2507162500405684,14.0,47.0,0.5,300
332,31,0.25120291602797806,14.0,48.0,0.5,300
333,32,0.2521467909682542,14.0,50.0,0.5,300
334,33,0.25263583299238235,14.0,51.0,0.5,300
335,34,0.25312379095703363,14.0,52.0,0.5,300
336,35,0.2536090409848839,14.0,53.0,0.5,300
337,36,0.25409529102034867,14.0,54.0,0.5,300
338,37,0.25458329101093113,14.0,55.0,0.5,300
339,38,0.25507587497122586,14.0,56.0,0.5,300
340,39,0.25601516605820507,14.0,58.0,0.5,300
341,40,0.2569493750343099,13.0,60.0,0.5,300
342,41,0.25788758299313486,13.0,62.0,0.5,300
343,42,0.25883137504570186,13.0,64.0,0.5,300
344,43,0.2593194160144776,13.0,65.0,0.5,300
345,44,0.2598083330085501,13.0,66.0,0.5,300
346,45,0.2607483749743551,13.0,68.0,0.5,300
347,46,0.2612082080449909,13.0,69.0,0.5,300
348,47,0.26203479105606675,13.0,71.0,0.5,300
349,48,0.26286600006278604,13.0,73.0,0.5,300
350,49,0.26329683302901685,13.0,74.0,0.5,300
351,50,0.2637265829835087,13.0,75.0,0.5,300
352,51,0.2645524999825284,12.0,77.0,0.5,300
353,52,0.264987290953286,12.0,78.0,0.5,300
354,53,0.26542199996765703,12.0,79.0,0.5,300
355,54,0.2658558329567313,12.0,80.0,0.5,300
356,55,0.26628937502391636,12.0,81.0,0.5,300
357,56,0.2671222910284996,12.0,83.0,0.5,300
358,57,0.2675574580207467,12.0,84.0,0.5,300
359,58,0.26799141603987664,12.0,85.0,0.5,300
360,59,0.2688229159684852,12.0,87.0,0.5,300
361,60,0.26925658294931054,12.0,88.0,0.5,300
362,61,0.26969020802062005,12.0,89.0,0.5,300
363,62,0.27052337501663715,12.0,91.0,0.5,300
364,63,0.27135595795698464,12.0,93.0,0.5,300
365,64,0.27179058303590864,12.0,94.0,0.5,300
366,65,0.27262137504294515,11.0,96.0,0.5,300
367,66,0.27305908303242177,11.0,97.0,0.5,300
368,67,0.27349545795004815,11.0,98.0,0.5,300
369,68,0.27393166604451835,11.0,99.0,0.5,300
370,69,0.27436762501019984,11.0,100.0,0.5,300
371,70,0.27480412495788187,11.0,101.0,0.5,300
372,71,0.2756455830531195,11.0,103.0,0.5,300
373,72,0.27648058300837874,11.0,105.0,0.5,300
374,73,0.2769191659754142,11.0,106.0,0.5,300
375,74,0.2773585830582306,11.0,107.0,0.5,300
376,75,0.2777958329534158,11.0,108.0,0.5,300
377,76,0.2786334160482511,11.0,110.0,0.5,300
378,77,0.2790928330505267,11.0,111.0,0.5,300
379,78,0.2799777500331402,11.0,113.0,0.5,300
380,79,0.28083850000984967,10.0,115.0,0.5,300
381,80,0.2816794579848647,10.0,117.0,0.5,300
382,81,0.2821185829816386,10.0,118.0,0.5,300
383,82,0.28256004105787724,10.0,119.0,0.5,300
384,83,0.2829996249638498,10.0,120.0,0.5,300
385,84,0.283836540998891,9.0,122.0,0.5,300
386,85,0.28467629104852676,9.0,124.0,0.5,300
387,86,0.2851188749773428,9.0,125.0,0.5,300
388,87,0.28555945795960724,9.0,126.0,0.5,300
389,88,0.28599995805416256,9.0,127.0,0.5,300
390,89,0.28644166595768183,9.0,128.0,0.5,300
391,90,0.28688216605223715,9.0,129.0,0.5,300
392,91,0.2873243329813704,9.0,130.0,0.5,300
393,92,0.28776654100511223,9.0,131.0,0.5,300
394,93,0.2882129580248147,9.0,132.0,0.5,300
395,94,0.28865866595879197,9.0,133.0,0.5,300
396,95,0.28910337504930794,9.0,134.0,0.5,300
397,96,0.28954779100604355,9.0,135.0,0.5,300
398,97,0.29004895803518593,9.0,136.0,0.5,300
399,98,0.290507375029847,9.0,137.0,0.5,300
400,99,0.2909711659885943,9.0,138.0,0.5,300
401,100,0.29141491604968905,9.0,139.0,0.5,300
402,101,0.2918432500446215,9.0,140.0,0.5,300
403,102,0.29227145796176046,9.0,141.0,0.5,300
404,103,0.29269899998325855,9.0,142.0,0.5,300
405,104,0.2931303329532966,9.0,143.0,0.5,300
406,105,0.2939465830568224,7.0,145.0,0.5,300
407,106,0.2943745410302654,7.0,146.0,0.5,300
408,107,0.29480324999894947,7.0,147.0,0.5,300
409,108,0.2952326249796897,7.0,148.0,0.5,300
410,109,0.2956715830368921,7.0,149.0,0.5,300
411,110,0.2961191659560427,7.0,150.0,0.5,300
412,111,0.2965651659760624,7.0,151.0,0.5,300
413,112,0.29700987495016307,7.0,152.0,0.5,300
414,113,0.29745670803822577,7.0,153.0,0.5,300
415,114,0.2979022910585627,7.0,154.0,0.5,300
416,115,0.2983488329919055,7.0,155.0,0.5,300
417,116,0.2987948330119252,7.0,156.0,0.5,300
418,117,0.29924004105851054,7.0,157.0,0.5,300
419,118,0.2996866659959778,7.0,158.0,0.5,300
420,119,0.30013654101639986,7.0,159.0,0.5,300
421,120,0.3005844160215929,7.0,160.0,0.5,300
422,121,0.3010312910191715,7.0,161.0,0.5,300
423,122,0.3016227079788223,7.0,162.0,0.5,300
424,123,0.3021391249494627,7.0,163.0,0.5,300
425,124,0.30261379096191376,7.0,164.0,0.5,300
426,125,0.30307675001677126,7.0,165.0,0.5,300
427,126,0.3035360410576686,7.0,166.0,0.5,300
428,127,0.3039925410412252,7.0,167.0,0.5,300
429,128,0.3044479580130428,7.0,168.0,0.5,300
430,129,0.30491175001952797,7.0,169.0,0.5,300
431,130,0.30536879098508507,7.0,170.0,0.5,300
432,131,0.30582329095341265,7.0,171.0,0.5,300
433,132,0.3062744999770075,7.0,172.0,0.5,300
434,133,0.30672754102852196,7.0,173.0,0.5,300
435,134,0.307584207970649,7.0,175.0,0.5,300
436,135,0.30843816604465246,7.0,177.0,0.5,300
437,136,0.30889108299743384,7.0,178.0,0.5,300
438,137,0.3093387910630554,7.0,179.0,0.5,300
439,138,0.3101750409696251,7.0,181.0,0.5,300
440,139,0.31061525002587587,7.0,182.0,0.5,300
441,140,0.31105620798189193,7.0,183.0,0.5,300
442,141,0.3114977499935776,7.0,184.0,0.5,300
443,142,0.3119402499869466,7.0,185.0,0.5,300
444,143,0.312380125047639,7.0,186.0,0.5,300
445,144,0.3128198330523446,7.0,187.0,0.5,300
446,145,0.31326258298940957,7.0,188.0,0.5,300
447,146,0.3140917910495773,7.0,190.0,0.5,300
448,147,0.31492050003726035,7.0,192.0,0.5,300
449,148,0.31536274997051805,7.0,193.0,0.5,300
450,149,0.31580283294897527,7.0,194.0,0.5,300
451,150,0.3166322499746457,7.0,196.0,0.5,300
452,151,0.31707816605921835,7.0,197.0,0.5,300
453,152,0.31751945801079273,7.0,198.0,0.5,300
454,153,0.31836483301594853,7.0,200.0,0.5,300
455,154,0.31882179097738117,7.0,201.0,0.5,300
456,155,0.31927783298306167,7.0,202.0,0.5,300
457,156,0.31973233295138925,7.0,203.0,0.5,300
458,157,0.3205639160005376,7.0,205.0,0.5,300
459,158,0.3210068750195205,7.0,206.0,0.5,300
460,159,0.3214561250060797,7.0,207.0,0.5,300
461,160,0.32189929101150483,7.0,208.0,0.5,300
462,161,0.3223433749517426,7.0,209.0,0.5,300
463,162,0.32278687495272607,7.0,210.0,0.5,300
464,163,0.3236233330098912,7.0,212.0,0.5,300
465,164,0.32445766602177173,7.0,214.0,0.5,300
466,165,0.3249042499810457,7.0,215.0,0.5,300
467,166,0.3253492909716442,7.0,216.0,0.5,300
468,167,0.3257954999571666,7.0,217.0,0.5,300
469,168,0.3262437500525266,7.0,218.0,0.5,300
470,169,0.3267050830181688,7.0,219.0,0.5,300
471,170,0.32716574997175485,7.0,220.0,0.5,300
472,171,0.32762574998196214,7.0,221.0,0.5,300
473,172,0.3280858329962939,7.0,222.0,0.5,300
474,173,0.3285469999536872,7.0,223.0,0.5,300
475,174,0.32900866598356515,7.0,224.0,0.5,300
476,175,0.32946983305737376,7.0,225.0,0.5,300
477,176,0.3299315000185743,7.0,226.0,0.5,300
478,177,0.330392666044645,7.0,227.0,0.5,300
479,178,0.33085450006183237,7.0,228.0,0.5,300
480,179,0.3313448750413954,7.0,229.0,0.5,300
481,180,0.33186687505804,7.0,230.0,0.5,300
482,181,0.33234058297239244,7.0,231.0,0.5,300
483,182,0.3328098750207573,7.0,232.0,0.5,300
484,183,0.33327841595746577,7.0,233.0,0.5,300
485,184,0.3337469999678433,7.0,234.0,0.5,300
486,185,0.33421358303166926,7.0,235.0,0.5,300
487,186,0.33478779101278633,7.0,236.0,0.5,300
488,187,0.33531441597733647,7.0,237.0,0.5,300
489,188,0.33580987504683435,7.0,238.0,0.5,300
490,189,0.3362887080293149,7.0,239.0,0.5,300
491,190,0.3367645409889519,7.0,240.0,0.5,300
492,191,0.3372397910570726,7.0,241.0,0.5,300
493,192,0.3377144580008462,7.0,242.0,0.5,300
494,193,0.33818812505342066,7.0,243.0,0.5,300
495,194,0.3386607499560341,7.0,244.0,0.5,300
496,195,0.33913149998988956,7.0,245.0,0.5,300
497,196,0.3396046250127256,7.0,246.0,0.5,300
498,197,0.3400748330168426,7.0,247.0,0.5,300
499,198,0.3405439159832895,7.0,248.0,0.5,300
500,199,0.3410148329567164,7.0,249.0,0.5,300
501,200,0.34153299999888986,7.0,250.0,0.5,300
502,201,0.3424205830087885,7.0,252.0,0.5,300
503,202,0.3428925829939544,7.0,253.0,0.5,300
504,203,0.3433619160205126,7.0,254.0,0.5,300
505,204,0.3438318750122562,7.0,255.0,0.5,300
506,205,0.34430200001224875,7.0,256.0,0.5,300
507,206,0.3447739160619676,7.0,257.0,0.5,300
508,207,0.34524287504609674,7.0,258.0,0.5,300
509,208,0.34571270796004683,7.0,259.0,0.5,300
510,209,0.346182957990095,7.0,260.0,0.5,300
511,210,0.3466512080049142,7.0,261.0,0.5,300
512,211,0.34711966605391353,7.0,262.0,0.5,300
513,212,0.347589583019726,7.0,263.0,0.5,300
514,213,0.34806162503082305,7.0,264.0,0.5,300
515,214,0.3485315829748288,7.0,265.0,0.5,300
516,215,0.34900170797482133,7.0,266.0,0.5,300
517,216,0.3498731249710545,6.0,268.0,0.5,300
518,217,0.35034674999769777,6.0,269.0,0.5,300
519,218,0.3508284999988973,6.0,270.0,0.5,300
520,219,0.3513018749654293,6.0,271.0,0.5,300
521,220,0.35177695797756314,6.0,272.0,0.5,300
522,221,0.35224979103077203,6.0,273.0,0.5,300
523,222,0.35312462504953146,6.0,275.0,0.5,300
524,223,0.3535951250232756,6.0,276.0,0.5,300
525,224,0.3540677080163732,6.0,277.0,0.5,300
526,225,0.35453966597560793,6.0,278.0,0.5,300
527,226,0.35501220799051225,6.0,279.0,0.5,300
528,227,0.35548595804721117,6.0,280.0,0.5,300
529,228,0.3559587079798803,6.0,281.0,0.5,300
530,229,0.35643270798027515,6.0,282.0,0.5,300
531,230,0.35690650006290525,6.0,283.0,0.5,300
532,231,0.35738062497694045,6.0,284.0,0.5,300
533,232,0.35785408306401223,6.0,285.0,0.5,300
534,233,0.3583309999667108,6.0,286.0,0.5,300
535,234,0.35880704096052796,6.0,287.0,0.5,300
536,235,0.35928125004284084,6.0,288.0,0.5,300
537,236,0.36015295796096325,5.0,290.0,0.5,300
538,237,0.3606302080443129,5.0,291.0,0.5,300
539,238,0.3611079159891233,5.0,292.0,0.5,300
540,239,0.3615907500497997,5.0,293.0,0.5,300
541,240,0.3620660830056295,5.0,294.0,0.5,300
542,241,0.36254674999509007,5.0,295.0,0.5,300
543,242,0.3634227910079062,5.0,297.0,0.5,300
544,243,0.36389949999284,5.0,298.0,0.5,300
545,244,0.3643780000275001,5.0,299.0,0.5,300
546,245,0.3648539159912616,5.0,300.0,0.5,300
547,246,0.3653330410597846,5.0,301.0,0.5,300
548,247,0.36581012501847,5.0,302.0,0.5,300
549,248,0.36629162495955825,5.0,303.0,0.5,300
550,249,0.3667706659762189,5.0,304.0,0.5,300
551,250,0.3672527080634609,5.0,305.0,0.5,300
552,251,0.36773220798932016,5.0,306.0,0.5,300
553,252,0.368210208020173,5.0,307.0,0.5,300
554,253,0.36868845799472183,5.0,308.0,0.5,300
555,254,0.36916491598822176,5.0,309.0,0.5,300
556,255,0.36964479100424796,5.0,310.0,0.5,300
557,256,0.37012483295984566,5.0,311.0,0.5,300
558,257,0.37060516595374793,5.0,312.0,0.5,300
559,258,0.37108499999158084,5.0,313.0,0.5,300
560,259,0.3715667499927804,5.0,314.0,0.5,300
561,260,0.37204612500499934,5.0,315.0,0.5,300
562,261,0.3725264159729704,5.0,316.0,0.5,300
563,262,0.37300741602666676,5.0,317.0,0.5,300
564,263,0.37348675006069243,5.0,318.0,0.5,300
565,264,0.37396758305840194,5.0,319.0,0.5,300
566,265,0.37444783304817975,5.0,320.0,0.5,300
567,266,0.374927332974039,5.0,321.0,0.5,300
568,267,0.37540895806159824,5.0,322.0,0.5,300
569,268,0.37589033297263086,5.0,323.0,0.5,300
570,269,0.3763722500298172,5.0,324.0,0.5,300
571,270,0.3768537499709055,5.0,325.0,0.5,300
572,271,0.37733570800628513,5.0,326.0,0.5,300
573,272,0.37781924998853356,5.0,327.0,0.5,300
574,273,0.37830112501978874,5.0,328.0,0.5,300
575,274,0.37878491601441056,5.0,329.0,0.5,300
576,275,0.37966579105705023,5.0,331.0,0.5,300
577,276,0.3801476249936968,5.0,332.0,0.5,300
578,277,0.38063216605223715,5.0,333.0,0.5,300
579,278,0.3811164579819888,5.0,334.0,0.5,300
580,279,0.3816047500586137,5.0,335.0,0.5,300
581,280,0.3820892079966143,5.0,336.0,0.5,300
582,281,0.38257350004278123,5.0,337.0,0.5,300
583,282,0.3830634159967303,5.0,338.0,0.5,300
584,283,0.3835521249566227,5.0,339.0,0.5,300
585,284,0.3840381250483915,5.0,340.0,0.5,300
586,285,0.3845223330426961,5.0,341.0,0.5,300
587,286,0.3850081249838695,5.0,342.0,0.5,300
588,287,0.38549358304589987,5.0,343.0,0.5,300
589,288,0.38597862503957003,5.0,344.0,0.5,300
590,289,0.3864653749624267,5.0,345.0,0.5,300
591,290,0.3869508750503883,5.0,346.0,0.5,300
592,291,0.38783683301880956,5.0,348.0,0.5,300
593,292,0.38832416594959795,5.0,349.0,0.5,300
594,293,0.3888110000407323,5.0,350.0,0.5,300
595,294,0.3892962080426514,5.0,351.0,0.5,300
596,295,0.3897838330594823,5.0,352.0,0.5,300
597,296,0.3902705409564078,5.0,353.0,0.5,300
598,297,0.3907606659922749,5.0,354.0,0.5,300
599,298,0.39124883303884417,5.0,355.0,0.5,300
600,299,0.3917392500443384,5.0,356.0,0.5,300
601,300,0.3922275409568101,5.0,357.0,0.5,300
602,0,0.0010057500330731273,26.0,0.0,1.0,300
603,1,0.22659487498458475,26.0,2.0,1.0,300
604,2,0.2275521249976009,25.0,4.0,1.0,300
605,3,0.22850025002844632,23.0,6.0,1.0,300
606,4,0.22944949998054653,20.0,8.0,1.0,300
607,5,0.230514790979214,19.0,10.0,1.0,300
608,6,0.23165637499187142,18.0,12.0,1.0,300
609,7,0.2327913329936564,17.0,14.0,1.0,300
610,8,0.23392854095436633,16.0,16.0,1.0,300
611,9,0.23507566598709673,16.0,18.0,1.0,300
612,10,0.23620799998752773,15.0,20.0,1.0,300
613,11,0.23734175006393343,15.0,22.0,1.0,300
614,12,0.23793075000867248,15.0,23.0,1.0,300
615,13,0.23852187499869615,15.0,24.0,1.0,300
616,14,0.23911387496627867,16.0,26.0,1.0,300
617,15,0.23970487504266202,16.0,27.0,1.0,300
618,16,0.24084487499203533,16.0,29.0,1.0,300
619,17,0.2414305410347879,16.0,30.0,1.0,300
620,18,0.24257579096592963,15.0,32.0,1.0,300
621,19,0.24316225002985448,15.0,33.0,1.0,300
622,20,0.2437515000347048,15.0,35.0,1.0,300
623,21,0.2443419999908656,15.0,37.0,1.0,300
624,22,0.24547091603744775,15.0,38.0,1.0,300
625,23,0.24595720798242837,15.0,40.0,1.0,300
626,24,0.24644620798062533,15.0,41.0,1.0,300
627,25,0.24739083298482,17.0,43.0,1.0,300
628,26,0.24787520803511143,16.0,45.0,1.0,300
629,27,0.24835975002497435,16.0,46.0,1.0,300
630,28,0.24929304094985127,16.0,48.0,1.0,300
631,29,0.2502322499640286,16.0,49.0,1.0,300
632,30,0.2507162500405684,16.0,50.0,1.0,300
633,31,0.25120291602797806,16.0,51.0,1.0,300
634,32,0.2521467909682542,15.0,53.0,1.0,300
635,33,0.25263583299238235,15.0,54.0,1.0,300
636,34,0.25312379095703363,15.0,56.0,1.0,300
637,35,0.2536090409848839,15.0,57.0,1.0,300
638,36,0.25409529102034867,15.0,58.0,1.0,300
639,37,0.25458329101093113,15.0,59.0,1.0,300
640,38,0.25507587497122586,15.0,60.0,1.0,300
641,39,0.25601516605820507,15.0,61.0,1.0,300
642,40,0.2569493750343099,15.0,63.0,1.0,300
643,41,0.25788758299313486,13.0,65.0,1.0,300
644,42,0.25883137504570186,12.0,67.0,1.0,300
645,43,0.2593194160144776,12.0,68.0,1.0,300
646,44,0.2598083330085501,12.0,70.0,1.0,300
647,45,0.2607483749743551,11.0,72.0,1.0,300
648,46,0.2612082080449909,11.0,73.0,1.0,300
649,47,0.26203479105606675,11.0,74.0,1.0,300
650,48,0.26286600006278604,12.0,76.0,1.0,300
651,49,0.26329683302901685,12.0,78.0,1.0,300
652,50,0.2637265829835087,12.0,79.0,1.0,300
653,51,0.2645524999825284,12.0,80.0,1.0,300
654,52,0.264987290953286,12.0,81.0,1.0,300
655,53,0.26542199996765703,12.0,82.0,1.0,300
656,54,0.2658558329567313,12.0,83.0,1.0,300
657,55,0.26628937502391636,12.0,85.0,1.0,300
658,56,0.2671222910284996,12.0,86.0,1.0,300
659,57,0.2675574580207467,11.0,88.0,1.0,300
660,58,0.26799141603987664,10.0,90.0,1.0,300
661,59,0.2688229159684852,10.0,91.0,1.0,300
662,60,0.26925658294931054,10.0,93.0,1.0,300
663,61,0.26969020802062005,10.0,94.0,1.0,300
664,62,0.27052337501663715,10.0,95.0,1.0,300
665,63,0.27135595795698464,10.0,97.0,1.0,300
666,64,0.27179058303590864,10.0,99.0,1.0,300
667,65,0.27262137504294515,10.0,100.0,1.0,300
668,66,0.27305908303242177,10.0,102.0,1.0,300
669,67,0.27349545795004815,10.0,103.0,1.0,300
670,68,0.27393166604451835,10.0,104.0,1.0,300
671,69,0.27436762501019984,10.0,106.0,1.0,300
672,70,0.27480412495788187,10.0,107.0,1.0,300
673,71,0.2756455830531195,10.0,108.0,1.0,300
674,72,0.27648058300837874,10.0,109.0,1.0,300
675,73,0.2769191659754142,10.0,110.0,1.0,300
676,74,0.2773585830582306,10.0,111.0,1.0,300
677,75,0.2777958329534158,10.0,112.0,1.0,300
678,76,0.2786334160482511,9.0,114.0,1.0,300
679,77,0.2790928330505267,9.0,115.0,1.0,300
680,78,0.2799777500331402,9.0,116.0,1.0,300
681,79,0.28083850000984967,9.0,117.0,1.0,300
682,80,0.2816794579848647,9.0,118.0,1.0,300
683,81,0.2821185829816386,9.0,120.0,1.0,300
684,82,0.28256004105787724,9.0,121.0,1.0,300
685,83,0.2829996249638498,9.0,122.0,1.0,300
686,84,0.283836540998891,9.0,123.0,1.0,300
687,85,0.28467629104852676,8.0,125.0,1.0,300
688,86,0.2851188749773428,8.0,126.0,1.0,300
689,87,0.28555945795960724,8.0,127.0,1.0,300
690,88,0.28599995805416256,8.0,128.0,1.0,300
691,89,0.28644166595768183,8.0,129.0,1.0,300
692,90,0.28688216605223715,8.0,130.0,1.0,300
693,91,0.2873243329813704,8.0,131.0,1.0,300
694,92,0.28776654100511223,7.0,133.0,1.0,300
695,93,0.2882129580248147,7.0,135.0,1.0,300
696,94,0.28865866595879197,7.0,136.0,1.0,300
697,95,0.28910337504930794,7.0,137.0,1.0,300
698,96,0.28954779100604355,7.0,138.0,1.0,300
699,97,0.29004895803518593,7.0,139.0,1.0,300
700,98,0.290507375029847,7.0,140.0,1.0,300
701,99,0.2909711659885943,7.0,142.0,1.0,300
702,100,0.29141491604968905,7.0,143.0,1.0,300
703,101,0.2918432500446215,7.0,144.0,1.0,300
704,102,0.29227145796176046,7.0,145.0,1.0,300
705,103,0.29269899998325855,7.0,146.0,1.0,300
706,104,0.2931303329532966,7.0,147.0,1.0,300
707,105,0.2939465830568224,7.0,149.0,1.0,300
708,106,0.2943745410302654,7.0,150.0,1.0,300
709,107,0.29480324999894947,7.0,151.0,1.0,300
710,108,0.2952326249796897,7.0,152.0,1.0,300
711,109,0.2956715830368921,7.0,153.0,1.0,300
712,110,0.2961191659560427,6.0,155.0,1.0,300
713,111,0.2965651659760624,6.0,156.0,1.0,300
714,112,0.29700987495016307,6.0,157.0,1.0,300
715,113,0.29745670803822577,6.0,158.0,1.0,300
716,114,0.2979022910585627,6.0,159.0,1.0,300
717,115,0.2983488329919055,6.0,160.0,1.0,300
718,116,0.2987948330119252,6.0,161.0,1.0,300
719,117,0.29924004105851054,6.0,162.0,1.0,300
720,118,0.2996866659959778,6.0,163.0,1.0,300
721,119,0.30013654101639986,6.0,164.0,1.0,300
722,120,0.3005844160215929,6.0,165.0,1.0,300
723,121,0.3010312910191715,6.0,166.0,1.0,300
724,122,0.3016227079788223,6.0,167.0,1.0,300
725,123,0.3021391249494627,6.0,168.0,1.0,300
726,124,0.30261379096191376,6.0,169.0,1.0,300
727,125,0.30307675001677126,6.0,170.0,1.0,300
728,126,0.3035360410576686,6.0,171.0,1.0,300
729,127,0.3039925410412252,6.0,172.0,1.0,300
730,128,0.3044479580130428,6.0,173.0,1.0,300
731,129,0.30491175001952797,6.0,174.0,1.0,300
732,130,0.30536879098508507,6.0,175.0,1.0,300
733,131,0.30582329095341265,6.0,177.0,1.0,300
734,132,0.3062744999770075,6.0,178.0,1.0,300
735,133,0.30672754102852196,7.0,180.0,1.0,300
736,134,0.307584207970649,7.0,181.0,1.0,300
737,135,0.30843816604465246,7.0,182.0,1.0,300
738,136,0.30889108299743384,7.0,183.0,1.0,300
739,137,0.3093387910630554,7.0,184.0,1.0,300
740,138,0.3101750409696251,7.0,185.0,1.0,300
741,139,0.31061525002587587,7.0,186.0,1.0,300
742,140,0.31105620798189193,7.0,187.0,1.0,300
743,141,0.3114977499935776,7.0,188.0,1.0,300
744,142,0.3119402499869466,7.0,189.0,1.0,300
745,143,0.312380125047639,7.0,190.0,1.0,300
746,144,0.3128198330523446,7.0,191.0,1.0,300
747,145,0.31326258298940957,7.0,192.0,1.0,300
748,146,0.3140917910495773,7.0,193.0,1.0,300
749,147,0.31492050003726035,7.0,194.0,1.0,300
750,148,0.31536274997051805,7.0,195.0,1.0,300
751,149,0.31580283294897527,7.0,196.0,1.0,300
752,150,0.3166322499746457,7.0,197.0,1.0,300
753,151,0.31707816605921835,7.0,198.0,1.0,300
754,152,0.31751945801079273,7.0,200.0,1.0,300
755,153,0.31836483301594853,7.0,201.0,1.0,300
756,154,0.31882179097738117,7.0,202.0,1.0,300
757,155,0.31927783298306167,7.0,203.0,1.0,300
758,156,0.31973233295138925,7.0,204.0,1.0,300
759,157,0.3205639160005376,7.0,205.0,1.0,300
760,158,0.3210068750195205,7.0,206.0,1.0,300
761,159,0.3214561250060797,7.0,207.0,1.0,300
762,160,0.32189929101150483,7.0,208.0,1.0,300
763,161,0.3223433749517426,7.0,210.0,1.0,300
764,162,0.32278687495272607,7.0,211.0,1.0,300
765,163,0.3236233330098912,7.0,212.0,1.0,300
766,164,0.32445766602177173,7.0,213.0,1.0,300
767,165,0.3249042499810457,7.0,215.0,1.0,300
768,166,0.3253492909716442,7.0,216.0,1.0,300
769,167,0.3257954999571666,7.0,217.0,1.0,300
770,168,0.3262437500525266,7.0,218.0,1.0,300
771,169,0.3267050830181688,7.0,220.0,1.0,300
772,170,0.32716574997175485,6.0,222.0,1.0,300
773,171,0.32762574998196214,6.0,223.0,1.0,300
774,172,0.3280858329962939,6.0,225.0,1.0,300
775,173,0.3285469999536872,6.0,226.0,1.0,300
776,174,0.32900866598356515,6.0,227.0,1.0,300
777,175,0.32946983305737376,6.0,228.0,1.0,300
778,176,0.3299315000185743,5.0,230.0,1.0,300
779,177,0.330392666044645,5.0,231.0,1.0,300
780,178,0.33085450006183237,5.0,232.0,1.0,300
781,179,0.3313448750413954,5.0,233.0,1.0,300
782,180,0.33186687505804,5.0,234.0,1.0,300
783,181,0.33234058297239244,5.0,235.0,1.0,300
784,182,0.3328098750207573,5.0,236.0,1.0,300
785,183,0.33327841595746577,5.0,237.0,1.0,300
786,184,0.3337469999678433,5.0,238.0,1.0,300
787,185,0.33421358303166926,5.0,239.0,1.0,300
788,186,0.33478779101278633,5.0,240.0,1.0,300
789,187,0.33531441597733647,5.0,241.0,1.0,300
790,188,0.33580987504683435,5.0,242.0,1.0,300
791,189,0.3362887080293149,5.0,243.0,1.0,300
792,190,0.3367645409889519,5.0,244.0,1.0,300
793,191,0.3372397910570726,5.0,245.0,1.0,300
794,192,0.3377144580008462,5.0,246.0,1.0,300
795,193,0.33818812505342066,5.0,247.0,1.0,300
796,194,0.3386607499560341,5.0,249.0,1.0,300
797,195,0.33913149998988956,5.0,250.0,1.0,300
798,196,0.3396046250127256,5.0,251.0,1.0,300
799,197,0.3400748330168426,5.0,252.0,1.0,300
800,198,0.3405439159832895,5.0,253.0,1.0,300
801,199,0.3410148329567164,5.0,254.0,1.0,300
802,200,0.34153299999888986,5.0,255.0,1.0,300
803,201,0.3424205830087885,5.0,256.0,1.0,300
804,202,0.3428925829939544,5.0,258.0,1.0,300
805,203,0.3433619160205126,5.0,259.0,1.0,300
806,204,0.3438318750122562,5.0,260.0,1.0,300
807,205,0.34430200001224875,5.0,261.0,1.0,300
808,206,0.3447739160619676,5.0,262.0,1.0,300
809,207,0.34524287504609674,5.0,263.0,1.0,300
810,208,0.34571270796004683,5.0,264.0,1.0,300
811,209,0.346182957990095,5.0,265.0,1.0,300
812,210,0.3466512080049142,5.0,266.0,1.0,300
813,211,0.34711966605391353,5.0,268.0,1.0,300
814,212,0.347589583019726,5.0,269.0,1.0,300
815,213,0.34806162503082305,5.0,270.0,1.0,300
816,214,0.3485315829748288,5.0,271.0,1.0,300
817,215,0.34900170797482133,5.0,273.0,1.0,300
818,216,0.3498731249710545,5.0,274.0,1.0,300
819,217,0.35034674999769777,5.0,275.0,1.0,300
820,218,0.3508284999988973,5.0,276.0,1.0,300
821,219,0.3513018749654293,5.0,277.0,1.0,300
822,220,0.35177695797756314,5.0,278.0,1.0,300
823,221,0.35224979103077203,5.0,279.0,1.0,300
824,222,0.35312462504953146,5.0,280.0,1.0,300
825,223,0.3535951250232756,5.0,281.0,1.0,300
826,224,0.3540677080163732,5.0,282.0,1.0,300
827,225,0.35453966597560793,5.0,283.0,1.0,300
828,226,0.35501220799051225,5.0,284.0,1.0,300
829,227,0.35548595804721117,5.0,285.0,1.0,300
830,228,0.3559587079798803,5.0,286.0,1.0,300
831,229,0.35643270798027515,5.0,287.0,1.0,300
832,230,0.35690650006290525,5.0,289.0,1.0,300
833,231,0.35738062497694045,5.0,290.0,1.0,300
834,232,0.35785408306401223,5.0,291.0,1.0,300
835,233,0.3583309999667108,5.0,292.0,1.0,300
836,234,0.35880704096052796,5.0,293.0,1.0,300
837,235,0.35928125004284084,5.0,294.0,1.0,300
838,236,0.36015295796096325,5.0,295.0,1.0,300
839,237,0.3606302080443129,5.0,296.0,1.0,300
840,238,0.3611079159891233,5.0,297.0,1.0,300
841,239,0.3615907500497997,5.0,298.0,1.0,300
842,240,0.3620660830056295,5.0,299.0,1.0,300
843,241,0.36254674999509007,5.0,300.0,1.0,300
844,242,0.3634227910079062,5.0,301.0,1.0,300
845,243,0.36389949999284,5.0,302.0,1.0,300
846,244,0.3643780000275001,5.0,303.0,1.0,300
847,245,0.3648539159912616,5.0,304.0,1.0,300
848,246,0.3653330410597846,5.0,305.0,1.0,300
849,247,0.36581012501847,5.0,306.0,1.0,300
850,248,0.36629162495955825,5.0,307.0,1.0,300
851,249,0.3667706659762189,5.0,308.0,1.0,300
852,250,0.3672527080634609,5.0,309.0,1.0,300
853,251,0.36773220798932016,5.0,310.0,1.0,300
854,252,0.368210208020173,5.0,311.0,1.0,300
855,253,0.36868845799472183,5.0,312.0,1.0,300
856,254,0.36916491598822176,5.0,313.0,1.0,300
857,255,0.36964479100424796,5.0,314.0,1.0,300
858,256,0.37012483295984566,5.0,315.0,1.0,300
859,257,0.37060516595374793,5.0,316.0,1.0,300
860,258,0.37108499999158084,5.0,317.0,1.0,300
861,259,0.3715667499927804,5.0,318.0,1.0,300
862,260,0.37204612500499934,5.0,319.0,1.0,300
863,261,0.3725264159729704,5.0,320.0,1.0,300
864,262,0.37300741602666676,5.0,321.0,1.0,300
865,263,0.37348675006069243,4.0,323.0,1.0,300
866,264,0.37396758305840194,4.0,324.0,1.0,300
867,265,0.37444783304817975,4.0,325.0,1.0,300
868,266,0.374927332974039,4.0,326.0,1.0,300
869,267,0.37540895806159824,4.0,327.0,1.0,300
870,268,0.37589033297263086,4.0,328.0,1.0,300
871,269,0.3763722500298172,4.0,329.0,1.0,300
872,270,0.3768537499709055,4.0,330.0,1.0,300
873,271,0.37733570800628513,4.0,331.0,1.0,300
874,272,0.37781924998853356,4.0,332.0,1.0,300
875,273,0.37830112501978874,4.0,333.0,1.0,300
876,274,0.37878491601441056,4.0,334.0,1.0,300
877,275,0.37966579105705023,4.0,335.0,1.0,300
878,276,0.3801476249936968,4.0,336.0,1.0,300
879,277,0.38063216605223715,4.0,337.0,1.0,300
880,278,0.3811164579819888,4.0,338.0,1.0,300
881,279,0.3816047500586137,4.0,339.0,1.0,300
882,280,0.3820892079966143,4.0,340.0,1.0,300
883,281,0.38257350004278123,4.0,341.0,1.0,300
884,282,0.3830634159967303,4.0,342.0,1.0,300
885,283,0.3835521249566227,4.0,343.0,1.0,300
886,284,0.3840381250483915,4.0,344.0,1.0,300
887,285,0.3845223330426961,4.0,345.0,1.0,300
888,286,0.3850081249838695,4.0,346.0,1.0,300
889,287,0.38549358304589987,4.0,347.0,1.0,300
890,288,0.38597862503957003,4.0,348.0,1.0,300
891,289,0.3864653749624267,4.0,349.0,1.0,300
892,290,0.3869508750503883,4.0,350.0,1.0,300
893,291,0.38783683301880956,4.0,351.0,1.0,300
894,292,0.38832416594959795,4.0,352.0,1.0,300
895,293,0.3888110000407323,4.0,353.0,1.0,300
896,294,0.3892962080426514,4.0,354.0,1.0,300
897,295,0.3897838330594823,4.0,355.0,1.0,300
898,296,0.3902705409564078,4.0,356.0,1.0,300
899,297,0.3907606659922749,4.0,357.0,1.0,300
900,298,0.39124883303884417,4.0,358.0,1.0,300
901,299,0.3917392500443384,4.0,359.0,1.0,300
902,300,0.3922275409568101,4.0,360.0,1.0,300
903,0,0.0010057500330731273,26.0,0.0,2.0,300
904,1,0.22659487498458475,26.0,2.0,2.0,300
905,2,0.2275521249976009,25.0,4.0,2.0,300
906,3,0.22850025002844632,23.0,6.0,2.0,300
907,4,0.22944949998054653,20.0,8.0,2.0,300
908,5,0.230514790979214,19.0,10.0,2.0,300
909,6,0.23165637499187142,18.0,12.0,2.0,300
910,7,0.2327913329936564,17.0,14.0,2.0,300
911,8,0.23392854095436633,16.0,16.0,2.0,300
912,9,0.23507566598709673,16.0,18.0,2.0,300
913,10,0.23620799998752773,15.0,20.0,2.0,300
914,11,0.23734175006393343,15.0,22.0,2.0,300
915,12,0.23793075000867248,15.0,23.0,2.0,300
916,13,0.23852187499869615,15.0,24.0,2.0,300
917,14,0.23911387496627867,16.0,26.0,2.0,300
918,15,0.23970487504266202,16.0,27.0,2.0,300
919,16,0.24084487499203533,16.0,29.0,2.0,300
920,17,0.2414305410347879,16.0,30.0,2.0,300
921,18,0.24257579096592963,15.0,32.0,2.0,300
922,19,0.24316225002985448,15.0,33.0,2.0,300
923,20,0.2437515000347048,15.0,35.0,2.0,300
924,21,0.2443419999908656,15.0,37.0,2.0,300
925,22,0.24547091603744775,15.0,38.0,2.0,300
926,23,0.24595720798242837,15.0,40.0,2.0,300
927,24,0.24644620798062533,16.0,42.0,2.0,300
928,25,0.24739083298482,18.0,44.0,2.0,300
929,26,0.24787520803511143,17.0,46.0,2.0,300
930,27,0.24835975002497435,17.0,47.0,2.0,300
931,28,0.24929304094985127,17.0,49.0,2.0,300
932,29,0.2502322499640286,17.0,50.0,2.0,300
933,30,0.2507162500405684,17.0,51.0,2.0,300
934,31,0.25120291602797806,17.0,53.0,2.0,300
935,32,0.2521467909682542,17.0,55.0,2.0,300
936,33,0.25263583299238235,16.0,57.0,2.0,300
937,34,0.25312379095703363,17.0,59.0,2.0,300
938,35,0.2536090409848839,17.0,60.0,2.0,300
939,36,0.25409529102034867,17.0,61.0,2.0,300
940,37,0.25458329101093113,17.0,63.0,2.0,300
941,38,0.25507587497122586,17.0,65.0,2.0,300
942,39,0.25601516605820507,16.0,67.0,2.0,300
943,40,0.2569493750343099,17.0,69.0,2.0,300
944,41,0.25788758299313486,17.0,70.0,2.0,300
945,42,0.25883137504570186,15.0,72.0,2.0,300
946,43,0.2593194160144776,15.0,73.0,2.0,300
947,44,0.2598083330085501,15.0,75.0,2.0,300
948,45,0.2607483749743551,16.0,77.0,2.0,300
949,46,0.2612082080449909,14.0,79.0,2.0,300
950,47,0.26203479105606675,14.0,80.0,2.0,300
951,48,0.26286600006278604,14.0,82.0,2.0,300
952,49,0.26329683302901685,15.0,84.0,2.0,300
953,50,0.2637265829835087,14.0,86.0,2.0,300
954,51,0.2645524999825284,15.0,88.0,2.0,300
955,52,0.264987290953286,15.0,89.0,2.0,300
956,53,0.26542199996765703,15.0,91.0,2.0,300
957,54,0.2658558329567313,16.0,93.0,2.0,300
958,55,0.26628937502391636,15.0,95.0,2.0,300
959,56,0.2671222910284996,15.0,96.0,2.0,300
960,57,0.2675574580207467,15.0,97.0,2.0,300
961,58,0.26799141603987664,16.0,99.0,2.0,300
962,59,0.2688229159684852,17.0,101.0,2.0,300
963,60,0.26925658294931054,17.0,102.0,2.0,300
964,61,0.26969020802062005,17.0,104.0,2.0,300
965,62,0.27052337501663715,17.0,105.0,2.0,300
966,63,0.27135595795698464,16.0,107.0,2.0,300
967,64,0.27179058303590864,16.0,108.0,2.0,300
968,65,0.27262137504294515,16.0,110.0,2.0,300
969,66,0.27305908303242177,16.0,111.0,2.0,300
970,67,0.27349545795004815,15.0,113.0,2.0,300
971,68,0.27393166604451835,15.0,114.0,2.0,300
972,69,0.27436762501019984,13.0,116.0,2.0,300
973,70,0.27480412495788187,13.0,117.0,2.0,300
974,71,0.2756455830531195,13.0,118.0,2.0,300
975,72,0.27648058300837874,13.0,120.0,2.0,300
976,73,0.2769191659754142,13.0,121.0,2.0,300
977,74,0.2773585830582306,13.0,122.0,2.0,300
978,75,0.2777958329534158,13.0,123.0,2.0,300
979,76,0.2786334160482511,13.0,125.0,2.0,300
980,77,0.2790928330505267,13.0,126.0,2.0,300
981,78,0.2799777500331402,13.0,128.0,2.0,300
982,79,0.28083850000984967,13.0,130.0,2.0,300
983,80,0.2816794579848647,13.0,132.0,2.0,300
984,81,0.2821185829816386,13.0,133.0,2.0,300
985,82,0.28256004105787724,13.0,134.0,2.0,300
986,83,0.2829996249638498,13.0,135.0,2.0,300
987,84,0.283836540998891,12.0,137.0,2.0,300
988,85,0.28467629104852676,12.0,138.0,2.0,300
989,86,0.2851188749773428,12.0,139.0,2.0,300
990,87,0.28555945795960724,12.0,141.0,2.0,300
991,88,0.28599995805416256,12.0,143.0,2.0,300
992,89,0.28644166595768183,12.0,144.0,2.0,300
993,90,0.28688216605223715,11.0,146.0,2.0,300
994,91,0.2873243329813704,11.0,148.0,2.0,300
995,92,0.28776654100511223,11.0,149.0,2.0,300
996,93,0.2882129580248147,12.0,151.0,2.0,300
997,94,0.28865866595879197,12.0,152.0,2.0,300
998,95,0.28910337504930794,12.0,153.0,2.0,300
999,96,0.28954779100604355,12.0,155.0,2.0,300
1000,97,0.29004895803518593,12.0,156.0,2.0,300
1001,98,0.290507375029847,12.0,157.0,2.0,300
1002,99,0.2909711659885943,12.0,158.0,2.0,300
1003,100,0.29141491604968905,12.0,160.0,2.0,300
1004,101,0.2918432500446215,12.0,161.0,2.0,300
1005,102,0.29227145796176046,12.0,162.0,2.0,300
1006,103,0.29269899998325855,13.0,164.0,2.0,300
1007,104,0.2931303329532966,13.0,165.0,2.0,300
1008,105,0.2939465830568224,13.0,166.0,2.0,300
1009,106,0.2943745410302654,13.0,167.0,2.0,300
1010,107,0.29480324999894947,13.0,169.0,2.0,300
1011,108,0.2952326249796897,13.0,170.0,2.0,300
1012,109,0.2956715830368921,13.0,171.0,2.0,300
1013,110,0.2961191659560427,13.0,172.0,2.0,300
1014,111,0.2965651659760624,13.0,173.0,2.0,300
1015,112,0.29700987495016307,13.0,175.0,2.0,300
1016,113,0.29745670803822577,13.0,176.0,2.0,300
1017,114,0.2979022910585627,13.0,177.0,2.0,300
1018,115,0.2983488329919055,13.0,179.0,2.0,300
1019,116,0.2987948330119252,13.0,180.0,2.0,300
1020,117,0.29924004105851054,13.0,181.0,2.0,300
1021,118,0.2996866659959778,15.0,183.0,2.0,300
1022,119,0.30013654101639986,15.0,184.0,2.0,300
1023,120,0.3005844160215929,15.0,186.0,2.0,300
1024,121,0.3010312910191715,15.0,187.0,2.0,300
1025,122,0.3016227079788223,15.0,188.0,2.0,300
1026,123,0.3021391249494627,15.0,189.0,2.0,300
1027,124,0.30261379096191376,15.0,190.0,2.0,300
1028,125,0.30307675001677126,15.0,192.0,2.0,300
1029,126,0.3035360410576686,15.0,193.0,2.0,300
1030,127,0.3039925410412252,15.0,195.0,2.0,300
1031,128,0.3044479580130428,13.0,197.0,2.0,300
1032,129,0.30491175001952797,13.0,199.0,2.0,300
1033,130,0.30536879098508507,13.0,200.0,2.0,300
1034,131,0.30582329095341265,13.0,201.0,2.0,300
1035,132,0.3062744999770075,13.0,202.0,2.0,300
1036,133,0.30672754102852196,13.0,203.0,2.0,300
1037,134,0.307584207970649,13.0,205.0,2.0,300
1038,135,0.30843816604465246,14.0,207.0,2.0,300
1039,136,0.30889108299743384,14.0,208.0,2.0,300
1040,137,0.3093387910630554,14.0,209.0,2.0,300
1041,138,0.3101750409696251,14.0,211.0,2.0,300
1042,139,0.31061525002587587,14.0,212.0,2.0,300
1043,140,0.31105620798189193,14.0,214.0,2.0,300
1044,141,0.3114977499935776,14.0,215.0,2.0,300
1045,142,0.3119402499869466,14.0,216.0,2.0,300
1046,143,0.312380125047639,14.0,217.0,2.0,300
1047,144,0.3128198330523446,14.0,218.0,2.0,300
1048,145,0.31326258298940957,14.0,219.0,2.0,300
1049,146,0.3140917910495773,14.0,220.0,2.0,300
1050,147,0.31492050003726035,14.0,222.0,2.0,300
1051,148,0.31536274997051805,12.0,224.0,2.0,300
1052,149,0.31580283294897527,12.0,225.0,2.0,300
1053,150,0.3166322499746457,12.0,226.0,2.0,300
1054,151,0.31707816605921835,12.0,227.0,2.0,300
1055,152,0.31751945801079273,12.0,228.0,2.0,300
1056,153,0.31836483301594853,12.0,229.0,2.0,300
1057,154,0.31882179097738117,12.0,230.0,2.0,300
1058,155,0.31927783298306167,12.0,232.0,2.0,300
1059,156,0.31973233295138925,12.0,233.0,2.0,300
1060,157,0.3205639160005376,12.0,234.0,2.0,300
1061,158,0.3210068750195205,12.0,236.0,2.0,300
1062,159,0.3214561250060797,12.0,237.0,2.0,300
1063,160,0.32189929101150483,12.0,238.0,2.0,300
1064,161,0.3223433749517426,12.0,239.0,2.0,300
1065,162,0.32278687495272607,12.0,240.0,2.0,300
1066,163,0.3236233330098912,12.0,241.0,2.0,300
1067,164,0.32445766602177173,13.0,243.0,2.0,300
1068,165,0.3249042499810457,12.0,245.0,2.0,300
1069,166,0.3253492909716442,12.0,246.0,2.0,300
1070,167,0.3257954999571666,12.0,247.0,2.0,300
1071,168,0.3262437500525266,12.0,248.0,2.0,300
1072,169,0.3267050830181688,12.0,250.0,2.0,300
1073,170,0.32716574997175485,12.0,251.0,2.0,300
1074,171,0.32762574998196214,12.0,252.0,2.0,300
1075,172,0.3280858329962939,12.0,253.0,2.0,300
1076,173,0.3285469999536872,12.0,254.0,2.0,300
1077,174,0.32900866598356515,12.0,255.0,2.0,300
1078,175,0.32946983305737376,12.0,256.0,2.0,300
1079,176,0.3299315000185743,11.0,258.0,2.0,300
1080,177,0.330392666044645,11.0,260.0,2.0,300
1081,178,0.33085450006183237,11.0,262.0,2.0,300
1082,179,0.3313448750413954,11.0,263.0,2.0,300
1083,180,0.33186687505804,11.0,264.0,2.0,300
1084,181,0.33234058297239244,11.0,266.0,2.0,300
1085,182,0.3328098750207573,11.0,267.0,2.0,300
1086,183,0.33327841595746577,11.0,269.0,2.0,300
1087,184,0.3337469999678433,11.0,270.0,2.0,300
1088,185,0.33421358303166926,11.0,271.0,2.0,300
1089,186,0.33478779101278633,11.0,272.0,2.0,300
1090,187,0.33531441597733647,11.0,274.0,2.0,300
1091,188,0.33580987504683435,10.0,276.0,2.0,300
1092,189,0.3362887080293149,10.0,278.0,2.0,300
1093,190,0.3367645409889519,9.0,280.0,2.0,300
1094,191,0.3372397910570726,9.0,281.0,2.0,300
1095,192,0.3377144580008462,9.0,282.0,2.0,300
1096,193,0.33818812505342066,9.0,284.0,2.0,300
1097,194,0.3386607499560341,9.0,285.0,2.0,300
1098,195,0.33913149998988956,9.0,286.0,2.0,300
1099,196,0.3396046250127256,9.0,287.0,2.0,300
1100,197,0.3400748330168426,9.0,288.0,2.0,300
1101,198,0.3405439159832895,9.0,289.0,2.0,300
1102,199,0.3410148329567164,9.0,290.0,2.0,300
1103,200,0.34153299999888986,9.0,291.0,2.0,300
1104,201,0.3424205830087885,9.0,292.0,2.0,300
1105,202,0.3428925829939544,9.0,293.0,2.0,300
1106,203,0.3433619160205126,9.0,294.0,2.0,300
1107,204,0.3438318750122562,9.0,295.0,2.0,300
1108,205,0.34430200001224875,9.0,296.0,2.0,300
1109,206,0.3447739160619676,9.0,297.0,2.0,300
1110,207,0.34524287504609674,7.0,299.0,2.0,300
1111,208,0.34571270796004683,7.0,300.0,2.0,300
1112,209,0.346182957990095,7.0,301.0,2.0,300
1113,210,0.3466512080049142,7.0,303.0,2.0,300
1114,211,0.34711966605391353,7.0,304.0,2.0,300
1115,212,0.347589583019726,7.0,305.0,2.0,300
1116,213,0.34806162503082305,7.0,306.0,2.0,300
1117,214,0.3485315829748288,7.0,307.0,2.0,300
1118,215,0.34900170797482133,7.0,308.0,2.0,300
1119,216,0.3498731249710545,7.0,310.0,2.0,300
1120,217,0.35034674999769777,7.0,311.0,2.0,300
1121,218,0.3508284999988973,7.0,312.0,2.0,300
1122,219,0.3513018749654293,7.0,313.0,2.0,300
1123,220,0.35177695797756314,7.0,314.0,2.0,300
1124,221,0.35224979103077203,7.0,315.0,2.0,300
1125,222,0.35312462504953146,7.0,316.0,2.0,300
1126,223,0.3535951250232756,7.0,318.0,2.0,300
1127,224,0.3540677080163732,7.0,319.0,2.0,300
1128,225,0.35453966597560793,7.0,320.0,2.0,300
1129,226,0.35501220799051225,7.0,321.0,2.0,300
1130,227,0.35548595804721117,7.0,322.0,2.0,300
1131,228,0.3559587079798803,7.0,324.0,2.0,300
1132,229,0.35643270798027515,7.0,325.0,2.0,300
1133,230,0.35690650006290525,7.0,326.0,2.0,300
1134,231,0.35738062497694045,7.0,328.0,2.0,300
1135,232,0.35785408306401223,7.0,329.0,2.0,300
1136,233,0.3583309999667108,7.0,330.0,2.0,300
1137,234,0.35880704096052796,7.0,331.0,2.0,300
1138,235,0.35928125004284084,7.0,332.0,2.0,300
1139,236,0.36015295796096325,7.0,333.0,2.0,300
1140,237,0.3606302080443129,7.0,334.0,2.0,300
1141,238,0.3611079159891233,7.0,335.0,2.0,300
1142,239,0.3615907500497997,7.0,336.0,2.0,300
1143,240,0.3620660830056295,7.0,337.0,2.0,300
1144,241,0.36254674999509007,7.0,338.0,2.0,300
1145,242,0.3634227910079062,7.0,339.0,2.0,300
1146,243,0.36389949999284,7.0,340.0,2.0,300
1147,244,0.3643780000275001,7.0,341.0,2.0,300
1148,245,0.3648539159912616,6.0,343.0,2.0,300
1149,246,0.3653330410597846,6.0,344.0,2.0,300
1150,247,0.36581012501847,6.0,346.0,2.0,300
1151,248,0.36629162495955825,6.0,347.0,2.0,300
1152,249,0.3667706659762189,6.0,348.0,2.0,300
1153,250,0.3672527080634609,6.0,349.0,2.0,300
1154,251,0.36773220798932016,6.0,351.0,2.0,300
1155,252,0.368210208020173,6.0,352.0,2.0,300
1156,253,0.36868845799472183,6.0,353.0,2.0,300
1157,254,0.36916491598822176,6.0,354.0,2.0,300
1158,255,0.36964479100424796,6.0,355.0,2.0,300
1159,256,0.37012483295984566,6.0,356.0,2.0,300
1160,257,0.37060516595374793,6.0,357.0,2.0,300
1161,258,0.37108499999158084,6.0,358.0,2.0,300
1162,259,0.3715667499927804,6.0,359.0,2.0,300
1163,260,0.37204612500499934,6.0,360.0,2.0,300
1164,261,0.3725264159729704,6.0,361.0,2.0,300
1165,262,0.37300741602666676,6.0,362.0,2.0,300
1166,263,0.37348675006069243,6.0,364.0,2.0,300
1167,264,0.37396758305840194,6.0,365.0,2.0,300
1168,265,0.37444783304817975,6.0,366.0,2.0,300
1169,266,0.374927332974039,6.0,367.0,2.0,300
1170,267,0.37540895806159824,6.0,368.0,2.0,300
1171,268,0.37589033297263086,6.0,369.0,2.0,300
1172,269,0.3763722500298172,6.0,371.0,2.0,300
1173,270,0.3768537499709055,6.0,372.0,2.0,300
1174,271,0.37733570800628513,6.0,373.0,2.0,300
1175,272,0.37781924998853356,6.0,374.0,2.0,300
1176,273,0.37830112501978874,6.0,375.0,2.0,300
1177,274,0.37878491601441056,6.0,376.0,2.0,300
1178,275,0.37966579105705023,6.0,377.0,2.0,300
1179,276,0.3801476249936968,6.0,378.0,2.0,300
1180,277,0.38063216605223715,6.0,379.0,2.0,300
1181,278,0.3811164579819888,6.0,380.0,2.0,300
1182,279,0.3816047500586137,6.0,381.0,2.0,300
1183,280,0.3820892079966143,6.0,382.0,2.0,300
1184,281,0.38257350004278123,6.0,383.0,2.0,300
1185,282,0.3830634159967303,6.0,384.0,2.0,300
1186,283,0.3835521249566227,6.0,385.0,2.0,300
1187,284,0.3840381250483915,6.0,386.0,2.0,300
1188,285,0.3845223330426961,6.0,387.0,2.0,300
1189,286,0.3850081249838695,6.0,388.0,2.0,300
1190,287,0.38549358304589987,6.0,389.0,2.0,300
1191,288,0.38597862503957003,6.0,390.0,2.0,300
1192,289,0.3864653749624267,6.0,391.0,2.0,300
1193,290,0.3869508750503883,6.0,392.0,2.0,300
1194,291,0.38783683301880956,6.0,393.0,2.0,300
1195,292,0.38832416594959795,6.0,394.0,2.0,300
1196,293,0.3888110000407323,6.0,395.0,2.0,300
1197,294,0.3892962080426514,6.0,396.0,2.0,300
1198,295,0.3897838330594823,6.0,397.0,2.0,300
1199,296,0.3902705409564078,6.0,398.0,2.0,300
1200,297,0.3907606659922749,6.0,399.0,2.0,300
1201,298,0.39124883303884417,6.0,400.0,2.0,300
1202,299,0.3917392500443384,6.0,402.0,2.0,300
1203,300,0.3922275409568101,6.0,403.0,2.0,300
1204,0,0.0010057500330731273,26.0,0.0,5.0,300
1205,1,0.22659487498458475,26.0,2.0,5.0,300
1206,2,0.2275521249976009,25.0,4.0,5.0,300
1207,3,0.22850025002844632,23.0,6.0,5.0,300
1208,4,0.22944949998054653,20.0,8.0,5.0,300
1209,5,0.230514790979214,19.0,10.0,5.0,300
1210,6,0.23165637499187142,18.0,12.0,5.0,300
1211,7,0.2327913329936564,17.0,14.0,5.0,300
1212,8,0.23392854095436633,16.0,16.0,5.0,300
1213,9,0.23507566598709673,16.0,18.0,5.0,300
1214,10,0.23620799998752773,15.0,20.0,5.0,300
1215,11,0.23734175006393343,15.0,22.0,5.0,300
1216,12,0.23793075000867248,15.0,23.0,5.0,300
1217,13,0.23852187499869615,15.0,24.0,5.0,300
1218,14,0.23911387496627867,16.0,26.0,5.0,300
1219,15,0.23970487504266202,16.0,27.0,5.0,300
1220,16,0.24084487499203533,16.0,29.0,5.0,300
1221,17,0.2414305410347879,16.0,30.0,5.0,300
1222,18,0.24257579096592963,15.0,32.0,5.0,300
1223,19,0.24316225002985448,15.0,33.0,5.0,300
1224,20,0.2437515000347048,15.0,35.0,5.0,300
1225,21,0.2443419999908656,15.0,37.0,5.0,300
1226,22,0.24547091603744775,17.0,39.0,5.0,300
1227,23,0.24595720798242837,17.0,41.0,5.0,300
1228,24,0.24644620798062533,17.0,43.0,5.0,300
1229,25,0.24739083298482,19.0,45.0,5.0,300
1230,26,0.24787520803511143,18.0,47.0,5.0,300
1231,27,0.24835975002497435,18.0,49.0,5.0,300
1232,28,0.24929304094985127,18.0,51.0,5.0,300
1233,29,0.2502322499640286,18.0,53.0,5.0,300
1234,30,0.2507162500405684,21.0,55.0,5.0,300
1235,31,0.25120291602797806,20.0,57.0,5.0,300
1236,32,0.2521467909682542,22.0,59.0,5.0,300
1237,33,0.25263583299238235,21.0,61.0,5.0,300
1238,34,0.25312379095703363,20.0,63.0,5.0,300
1239,35,0.2536090409848839,20.0,65.0,5.0,300
1240,36,0.25409529102034867,20.0,67.0,5.0,300
1241,37,0.25458329101093113,19.0,69.0,5.0,300
1242,38,0.25507587497122586,16.0,71.0,5.0,300
1243,39,0.25601516605820507,17.0,73.0,5.0,300
1244,40,0.2569493750343099,17.0,75.0,5.0,300
1245,41,0.25788758299313486,16.0,77.0,5.0,300
1246,42,0.25883137504570186,18.0,79.0,5.0,300
1247,43,0.2593194160144776,19.0,81.0,5.0,300
1248,44,0.2598083330085501,19.0,83.0,5.0,300
1249,45,0.2607483749743551,20.0,85.0,5.0,300
1250,46,0.2612082080449909,19.0,87.0,5.0,300
1251,47,0.26203479105606675,19.0,88.0,5.0,300
1252,48,0.26286600006278604,20.0,90.0,5.0,300
1253,49,0.26329683302901685,21.0,92.0,5.0,300
1254,50,0.2637265829835087,19.0,94.0,5.0,300
1255,51,0.2645524999825284,21.0,96.0,5.0,300
1256,52,0.264987290953286,19.0,98.0,5.0,300
1257,53,0.26542199996765703,19.0,100.0,5.0,300
1258,54,0.2658558329567313,19.0,101.0,5.0,300
1259,55,0.26628937502391636,19.0,102.0,5.0,300
1260,56,0.2671222910284996,19.0,104.0,5.0,300
1261,57,0.2675574580207467,18.0,106.0,5.0,300
1262,58,0.26799141603987664,17.0,108.0,5.0,300
1263,59,0.2688229159684852,17.0,110.0,5.0,300
1264,60,0.26925658294931054,16.0,112.0,5.0,300
1265,61,0.26969020802062005,16.0,113.0,5.0,300
1266,62,0.27052337501663715,18.0,115.0,5.0,300
1267,63,0.27135595795698464,18.0,117.0,5.0,300
1268,64,0.27179058303590864,18.0,119.0,5.0,300
1269,65,0.27262137504294515,18.0,121.0,5.0,300
1270,66,0.27305908303242177,18.0,123.0,5.0,300
1271,67,0.27349545795004815,18.0,124.0,5.0,300
1272,68,0.27393166604451835,17.0,126.0,5.0,300
1273,69,0.27436762501019984,17.0,127.0,5.0,300
1274,70,0.27480412495788187,18.0,129.0,5.0,300
1275,71,0.2756455830531195,17.0,131.0,5.0,300
1276,72,0.27648058300837874,15.0,133.0,5.0,300
1277,73,0.2769191659754142,14.0,135.0,5.0,300
1278,74,0.2773585830582306,14.0,137.0,5.0,300
1279,75,0.2777958329534158,14.0,138.0,5.0,300
1280,76,0.2786334160482511,13.0,140.0,5.0,300
1281,77,0.2790928330505267,13.0,142.0,5.0,300
1282,78,0.2799777500331402,12.0,144.0,5.0,300
1283,79,0.28083850000984967,12.0,145.0,5.0,300
1284,80,0.2816794579848647,12.0,146.0,5.0,300
1285,81,0.2821185829816386,12.0,148.0,5.0,300
1286,82,0.28256004105787724,12.0,149.0,5.0,300
1287,83,0.2829996249638498,12.0,150.0,5.0,300
1288,84,0.283836540998891,12.0,151.0,5.0,300
1289,85,0.28467629104852676,13.0,153.0,5.0,300
1290,86,0.2851188749773428,13.0,154.0,5.0,300
1291,87,0.28555945795960724,13.0,156.0,5.0,300
1292,88,0.28599995805416256,14.0,158.0,5.0,300
1293,89,0.28644166595768183,14.0,159.0,5.0,300
1294,90,0.28688216605223715,16.0,161.0,5.0,300
1295,91,0.2873243329813704,17.0,163.0,5.0,300
1296,92,0.28776654100511223,19.0,165.0,5.0,300
1297,93,0.2882129580248147,19.0,167.0,5.0,300
1298,94,0.28865866595879197,19.0,169.0,5.0,300
1299,95,0.28910337504930794,19.0,170.0,5.0,300
1300,96,0.28954779100604355,20.0,172.0,5.0,300
1301,97,0.29004895803518593,20.0,173.0,5.0,300
1302,98,0.290507375029847,21.0,175.0,5.0,300
1303,99,0.2909711659885943,21.0,176.0,5.0,300
1304,100,0.29141491604968905,21.0,178.0,5.0,300
1305,101,0.2918432500446215,21.0,179.0,5.0,300
1306,102,0.29227145796176046,21.0,181.0,5.0,300
1307,103,0.29269899998325855,19.0,183.0,5.0,300
1308,104,0.2931303329532966,19.0,185.0,5.0,300
1309,105,0.2939465830568224,18.0,187.0,5.0,300
1310,106,0.2943745410302654,18.0,188.0,5.0,300
1311,107,0.29480324999894947,19.0,190.0,5.0,300
1312,108,0.2952326249796897,17.0,192.0,5.0,300
1313,109,0.2956715830368921,17.0,193.0,5.0,300
1314,110,0.2961191659560427,17.0,195.0,5.0,300
1315,111,0.2965651659760624,19.0,197.0,5.0,300
1316,112,0.29700987495016307,19.0,199.0,5.0,300
1317,113,0.29745670803822577,21.0,201.0,5.0,300
1318,114,0.2979022910585627,21.0,202.0,5.0,300
1319,115,0.2983488329919055,19.0,204.0,5.0,300
1320,116,0.2987948330119252,17.0,206.0,5.0,300
1321,117,0.29924004105851054,17.0,207.0,5.0,300
1322,118,0.2996866659959778,19.0,209.0,5.0,300
1323,119,0.30013654101639986,16.0,211.0,5.0,300
1324,120,0.3005844160215929,16.0,213.0,5.0,300
1325,121,0.3010312910191715,16.0,215.0,5.0,300
1326,122,0.3016227079788223,16.0,217.0,5.0,300
1327,123,0.3021391249494627,16.0,218.0,5.0,300
1328,124,0.30261379096191376,16.0,219.0,5.0,300
1329,125,0.30307675001677126,16.0,220.0,5.0,300
1330,126,0.3035360410576686,16.0,221.0,5.0,300
1331,127,0.3039925410412252,16.0,223.0,5.0,300
1332,128,0.3044479580130428,16.0,224.0,5.0,300
1333,129,0.30491175001952797,16.0,226.0,5.0,300
1334,130,0.30536879098508507,16.0,227.0,5.0,300
1335,131,0.30582329095341265,16.0,229.0,5.0,300
1336,132,0.3062744999770075,16.0,230.0,5.0,300
1337,133,0.30672754102852196,15.0,232.0,5.0,300
1338,134,0.307584207970649,14.0,234.0,5.0,300
1339,135,0.30843816604465246,13.0,236.0,5.0,300
1340,136,0.30889108299743384,13.0,237.0,5.0,300
1341,137,0.3093387910630554,14.0,239.0,5.0,300
1342,138,0.3101750409696251,15.0,241.0,5.0,300
1343,139,0.31061525002587587,15.0,242.0,5.0,300
1344,140,0.31105620798189193,15.0,244.0,5.0,300
1345,141,0.3114977499935776,15.0,245.0,5.0,300
1346,142,0.3119402499869466,15.0,246.0,5.0,300
1347,143,0.312380125047639,16.0,248.0,5.0,300
1348,144,0.3128198330523446,16.0,249.0,5.0,300
1349,145,0.31326258298940957,17.0,251.0,5.0,300
1350,146,0.3140917910495773,16.0,253.0,5.0,300
1351,147,0.31492050003726035,17.0,255.0,5.0,300
1352,148,0.31536274997051805,17.0,256.0,5.0,300
1353,149,0.31580283294897527,17.0,258.0,5.0,300
1354,150,0.3166322499746457,16.0,260.0,5.0,300
1355,151,0.31707816605921835,16.0,261.0,5.0,300
1356,152,0.31751945801079273,18.0,263.0,5.0,300
1357,153,0.31836483301594853,18.0,265.0,5.0,300
1358,154,0.31882179097738117,18.0,267.0,5.0,300
1359,155,0.31927783298306167,18.0,268.0,5.0,300
1360,156,0.31973233295138925,18.0,269.0,5.0,300
1361,157,0.3205639160005376,17.0,271.0,5.0,300
1362,158,0.3210068750195205,17.0,273.0,5.0,300
1363,159,0.3214561250060797,17.0,274.0,5.0,300
1364,160,0.32189929101150483,16.0,276.0,5.0,300
1365,161,0.3223433749517426,15.0,278.0,5.0,300
1366,162,0.32278687495272607,15.0,279.0,5.0,300
1367,163,0.3236233330098912,14.0,281.0,5.0,300
1368,164,0.32445766602177173,14.0,282.0,5.0,300
1369,165,0.3249042499810457,14.0,283.0,5.0,300
1370,166,0.3253492909716442,13.0,285.0,5.0,300
1371,167,0.3257954999571666,13.0,287.0,5.0,300
1372,168,0.3262437500525266,13.0,288.0,5.0,300
1373,169,0.3267050830181688,14.0,290.0,5.0,300
1374,170,0.32716574997175485,14.0,292.0,5.0,300
1375,171,0.32762574998196214,12.0,294.0,5.0,300
1376,172,0.3280858329962939,12.0,295.0,5.0,300
1377,173,0.3285469999536872,13.0,297.0,5.0,300
1378,174,0.32900866598356515,13.0,298.0,5.0,300
1379,175,0.32946983305737376,13.0,299.0,5.0,300
1380,176,0.3299315000185743,13.0,300.0,5.0,300
1381,177,0.330392666044645,13.0,301.0,5.0,300
1382,178,0.33085450006183237,14.0,303.0,5.0,300
1383,179,0.3313448750413954,14.0,304.0,5.0,300
1384,180,0.33186687505804,14.0,305.0,5.0,300
1385,181,0.33234058297239244,14.0,306.0,5.0,300
1386,182,0.3328098750207573,13.0,308.0,5.0,300
1387,183,0.33327841595746577,13.0,309.0,5.0,300
1388,184,0.3337469999678433,13.0,310.0,5.0,300
1389,185,0.33421358303166926,14.0,312.0,5.0,300
1390,186,0.33478779101278633,14.0,313.0,5.0,300
1391,187,0.33531441597733647,14.0,314.0,5.0,300
1392,188,0.33580987504683435,14.0,316.0,5.0,300
1393,189,0.3362887080293149,14.0,317.0,5.0,300
1394,190,0.3367645409889519,14.0,318.0,5.0,300
1395,191,0.3372397910570726,14.0,319.0,5.0,300
1396,192,0.3377144580008462,13.0,321.0,5.0,300
1397,193,0.33818812505342066,13.0,322.0,5.0,300
1398,194,0.3386607499560341,13.0,323.0,5.0,300
1399,195,0.33913149998988956,13.0,324.0,5.0,300
1400,196,0.3396046250127256,13.0,325.0,5.0,300
1401,197,0.3400748330168426,14.0,327.0,5.0,300
1402,198,0.3405439159832895,14.0,328.0,5.0,300
1403,199,0.3410148329567164,14.0,329.0,5.0,300
1404,200,0.34153299999888986,14.0,331.0,5.0,300
1405,201,0.3424205830087885,14.0,333.0,5.0,300
1406,202,0.3428925829939544,14.0,335.0,5.0,300
1407,203,0.3433619160205126,14.0,336.0,5.0,300
1408,204,0.3438318750122562,14.0,337.0,5.0,300
1409,205,0.34430200001224875,14.0,339.0,5.0,300
1410,206,0.3447739160619676,14.0,340.0,5.0,300
1411,207,0.34524287504609674,14.0,341.0,5.0,300
1412,208,0.34571270796004683,14.0,342.0,5.0,300
1413,209,0.346182957990095,14.0,343.0,5.0,300
1414,210,0.3466512080049142,14.0,345.0,5.0,300
1415,211,0.34711966605391353,14.0,346.0,5.0,300
1416,212,0.347589583019726,14.0,347.0,5.0,300
1417,213,0.34806162503082305,13.0,349.0,5.0,300
1418,214,0.3485315829748288,13.0,350.0,5.0,300
1419,215,0.34900170797482133,13.0,351.0,5.0,300
1420,216,0.3498731249710545,12.0,353.0,5.0,300
1421,217,0.35034674999769777,12.0,355.0,5.0,300
1422,218,0.3508284999988973,13.0,357.0,5.0,300
1423,219,0.3513018749654293,14.0,359.0,5.0,300
1424,220,0.35177695797756314,14.0,360.0,5.0,300
1425,221,0.35224979103077203,14.0,362.0,5.0,300
1426,222,0.35312462504953146,14.0,364.0,5.0,300
1427,223,0.3535951250232756,14.0,365.0,5.0,300
1428,224,0.3540677080163732,13.0,367.0,5.0,300
1429,225,0.35453966597560793,12.0,369.0,5.0,300
1430,226,0.35501220799051225,11.0,371.0,5.0,300
1431,227,0.35548595804721117,11.0,372.0,5.0,300
1432,228,0.3559587079798803,11.0,374.0,5.0,300
1433,229,0.35643270798027515,11.0,376.0,5.0,300
1434,230,0.35690650006290525,11.0,377.0,5.0,300
1435,231,0.35738062497694045,11.0,378.0,5.0,300
1436,232,0.35785408306401223,11.0,379.0,5.0,300
1437,233,0.3583309999667108,10.0,381.0,5.0,300
1438,234,0.35880704096052796,10.0,383.0,5.0,300
1439,235,0.35928125004284084,10.0,384.0,5.0,300
1440,236,0.36015295796096325,10.0,385.0,5.0,300
1441,237,0.3606302080443129,10.0,386.0,5.0,300
1442,238,0.3611079159891233,10.0,387.0,5.0,300
1443,239,0.3615907500497997,10.0,389.0,5.0,300
1444,240,0.3620660830056295,10.0,390.0,5.0,300
1445,241,0.36254674999509007,10.0,391.0,5.0,300
1446,242,0.3634227910079062,9.0,393.0,5.0,300
1447,243,0.36389949999284,9.0,394.0,5.0,300
1448,244,0.3643780000275001,9.0,395.0,5.0,300
1449,245,0.3648539159912616,9.0,397.0,5.0,300
1450,246,0.3653330410597846,9.0,398.0,5.0,300
1451,247,0.36581012501847,9.0,399.0,5.0,300
1452,248,0.36629162495955825,9.0,400.0,5.0,300
1453,249,0.3667706659762189,9.0,401.0,5.0,300
1454,250,0.3672527080634609,9.0,402.0,5.0,300
1455,251,0.36773220798932016,9.0,403.0,5.0,300
1456,252,0.368210208020173,9.0,404.0,5.0,300
1457,253,0.36868845799472183,9.0,405.0,5.0,300
1458,254,0.36916491598822176,9.0,406.0,5.0,300
1459,255,0.36964479100424796,9.0,407.0,5.0,300
1460,256,0.37012483295984566,10.0,409.0,5.0,300
1461,257,0.37060516595374793,10.0,410.0,5.0,300
1462,258,0.37108499999158084,10.0,411.0,5.0,300
1463,259,0.3715667499927804,10.0,412.0,5.0,300
1464,260,0.37204612500499934,10.0,413.0,5.0,300
1465,261,0.3725264159729704,10.0,414.0,5.0,300
1466,262,0.37300741602666676,10.0,415.0,5.0,300
1467,263,0.37348675006069243,10.0,417.0,5.0,300
1468,264,0.37396758305840194,10.0,418.0,5.0,300
1469,265,0.37444783304817975,10.0,420.0,5.0,300
1470,266,0.374927332974039,10.0,422.0,5.0,300
1471,267,0.37540895806159824,10.0,423.0,5.0,300
1472,268,0.37589033297263086,10.0,424.0,5.0,300
1473,269,0.3763722500298172,10.0,425.0,5.0,300
1474,270,0.3768537499709055,10.0,426.0,5.0,300
1475,271,0.37733570800628513,10.0,427.0,5.0,300
1476,272,0.37781924998853356,10.0,428.0,5.0,300
1477,273,0.37830112501978874,10.0,429.0,5.0,300
1478,274,0.37878491601441056,9.0,431.0,5.0,300
1479,275,0.37966579105705023,9.0,432.0,5.0,300
1480,276,0.3801476249936968,9.0,434.0,5.0,300
1481,277,0.38063216605223715,9.0,435.0,5.0,300
1482,278,0.3811164579819888,9.0,436.0,5.0,300
1483,279,0.3816047500586137,9.0,437.0,5.0,300
1484,280,0.3820892079966143,9.0,438.0,5.0,300
1485,281,0.38257350004278123,9.0,440.0,5.0,300
1486,282,0.3830634159967303,10.0,442.0,5.0,300
1487,283,0.3835521249566227,10.0,443.0,5.0,300
1488,284,0.3840381250483915,10.0,444.0,5.0,300
1489,285,0.3845223330426961,10.0,445.0,5.0,300
1490,286,0.3850081249838695,10.0,447.0,5.0,300
1491,287,0.38549358304589987,10.0,448.0,5.0,300
1492,288,0.38597862503957003,10.0,449.0,5.0,300
1493,289,0.3864653749624267,10.0,450.0,5.0,300
1494,290,0.3869508750503883,10.0,451.0,5.0,300
1495,291,0.38783683301880956,10.0,452.0,5.0,300
1496,292,0.38832416594959795,10.0,454.0,5.0,300
1497,293,0.3888110000407323,10.0,455.0,5.0,300
1498,294,0.3892962080426514,10.0,456.0,5.0,300
1499,295,0.3897838330594823,10.0,457.0,5.0,300
1500,296,0.3902705409564078,10.0,459.0,5.0,300
1501,297,0.3907606659922749,10.0,460.0,5.0,300
1502,298,0.39124883303884417,9.0,462.0,5.0,300
1503,299,0.3917392500443384,9.0,463.0,5.0,300
1504,300,0.3922275409568101,9.0,464.0,5.0,300
1505,0,0.0010057500330731273,26.0,0.0,10,300
1506,1,0.22659487498458475,26.0,2.0,10,300
1507,2,0.2275521249976009,25.0,4.0,10,300
1508,3,0.22850025002844632,23.0,6.0,10,300
1509,4,0.22944949998054653,20.0,8.0,10,300
1510,5,0.230514790979214,19.0,10.0,10,300
1511,6,0.23165637499187142,18.0,12.0,10,300
1512,7,0.2327913329936564,17.0,14.0,10,300
1513,8,0.23392854095436633,16.0,16.0,10,300
1514,9,0.23507566598709673,16.0,18.0,10,300
1515,10,0.23620799998752773,15.0,20.0,10,300
1516,11,0.23734175006393343,15.0,22.0,10,300
1517,12,0.23793075000867248,18.0,24.0,10,300
1518,13,0.23852187499869615,18.0,25.0,10,300
1519,14,0.23911387496627867,19.0,27.0,10,300
1520,15,0.23970487504266202,21.0,29.0,10,300
1521,16,0.24084487499203533,21.0,31.0,10,300
1522,17,0.2414305410347879,21.0,32.0,10,300
1523,18,0.24257579096592963,19.0,34.0,10,300
1524,19,0.24316225002985448,19.0,36.0,10,300
1525,20,0.2437515000347048,19.0,38.0,10,300
1526,21,0.2443419999908656,20.0,40.0,10,300
1527,22,0.24547091603744775,22.0,42.0,10,300
1528,23,0.24595720798242837,22.0,44.0,10,300
1529,24,0.24644620798062533,22.0,46.0,10,300
1530,25,0.24739083298482,24.0,48.0,10,300
1531,26,0.24787520803511143,24.0,50.0,10,300
1532,27,0.24835975002497435,25.0,52.0,10,300
1533,28,0.24929304094985127,25.0,53.0,10,300
1534,29,0.2502322499640286,21.0,55.0,10,300
1535,30,0.2507162500405684,22.0,57.0,10,300
1536,31,0.25120291602797806,21.0,59.0,10,300
1537,32,0.2521467909682542,20.0,61.0,10,300
1538,33,0.25263583299238235,20.0,62.0,10,300
1539,34,0.25312379095703363,20.0,64.0,10,300
1540,35,0.2536090409848839,19.0,66.0,10,300
1541,36,0.25409529102034867,19.0,67.0,10,300
1542,37,0.25458329101093113,19.0,68.0,10,300
1543,38,0.25507587497122586,19.0,70.0,10,300
1544,39,0.25601516605820507,19.0,72.0,10,300
1545,40,0.2569493750343099,22.0,74.0,10,300
1546,41,0.25788758299313486,20.0,76.0,10,300
1547,42,0.25883137504570186,21.0,78.0,10,300
1548,43,0.2593194160144776,21.0,79.0,10,300
1549,44,0.2598083330085501,20.0,81.0,10,300
1550,45,0.2607483749743551,20.0,83.0,10,300
1551,46,0.2612082080449909,19.0,85.0,10,300
1552,47,0.26203479105606675,19.0,86.0,10,300
1553,48,0.26286600006278604,19.0,88.0,10,300
1554,49,0.26329683302901685,18.0,90.0,10,300
1555,50,0.2637265829835087,19.0,92.0,10,300
1556,51,0.2645524999825284,22.0,94.0,10,300
1557,52,0.264987290953286,21.0,96.0,10,300
1558,53,0.26542199996765703,22.0,98.0,10,300
1559,54,0.2658558329567313,22.0,100.0,10,300
1560,55,0.26628937502391636,19.0,102.0,10,300
1561,56,0.2671222910284996,20.0,104.0,10,300
1562,57,0.2675574580207467,17.0,106.0,10,300
1563,58,0.26799141603987664,17.0,108.0,10,300
1564,59,0.2688229159684852,16.0,110.0,10,300
1565,60,0.26925658294931054,17.0,112.0,10,300
1566,61,0.26969020802062005,19.0,114.0,10,300
1567,62,0.27052337501663715,20.0,116.0,10,300
1568,63,0.27135595795698464,20.0,117.0,10,300
1569,64,0.27179058303590864,20.0,119.0,10,300
1570,65,0.27262137504294515,20.0,121.0,10,300
1571,66,0.27305908303242177,20.0,122.0,10,300
1572,67,0.27349545795004815,19.0,124.0,10,300
1573,68,0.27393166604451835,19.0,125.0,10,300
1574,69,0.27436762501019984,21.0,127.0,10,300
1575,70,0.27480412495788187,20.0,129.0,10,300
1576,71,0.2756455830531195,20.0,131.0,10,300
1577,72,0.27648058300837874,17.0,133.0,10,300
1578,73,0.2769191659754142,17.0,134.0,10,300
1579,74,0.2773585830582306,16.0,136.0,10,300
1580,75,0.2777958329534158,16.0,138.0,10,300
1581,76,0.2786334160482511,17.0,140.0,10,300
1582,77,0.2790928330505267,18.0,142.0,10,300
1583,78,0.2799777500331402,18.0,143.0,10,300
1584,79,0.28083850000984967,17.0,145.0,10,300
1585,80,0.2816794579848647,17.0,146.0,10,300
1586,81,0.2821185829816386,18.0,148.0,10,300
1587,82,0.28256004105787724,18.0,150.0,10,300
1588,83,0.2829996249638498,18.0,152.0,10,300
1589,84,0.283836540998891,18.0,153.0,10,300
1590,85,0.28467629104852676,19.0,155.0,10,300
1591,86,0.2851188749773428,17.0,157.0,10,300
1592,87,0.28555945795960724,19.0,159.0,10,300
1593,88,0.28599995805416256,17.0,161.0,10,300
1594,89,0.28644166595768183,16.0,163.0,10,300
1595,90,0.28688216605223715,16.0,165.0,10,300
1596,91,0.2873243329813704,17.0,167.0,10,300
1597,92,0.28776654100511223,17.0,168.0,10,300
1598,93,0.2882129580248147,17.0,169.0,10,300
1599,94,0.28865866595879197,17.0,170.0,10,300
1600,95,0.28910337504930794,18.0,172.0,10,300
1601,96,0.28954779100604355,19.0,174.0,10,300
1602,97,0.29004895803518593,18.0,176.0,10,300
1603,98,0.290507375029847,18.0,177.0,10,300
1604,99,0.2909711659885943,17.0,179.0,10,300
1605,100,0.29141491604968905,17.0,181.0,10,300
1606,101,0.2918432500446215,17.0,182.0,10,300
1607,102,0.29227145796176046,16.0,184.0,10,300
1608,103,0.29269899998325855,16.0,185.0,10,300
1609,104,0.2931303329532966,19.0,187.0,10,300
1610,105,0.2939465830568224,18.0,189.0,10,300
1611,106,0.2943745410302654,19.0,191.0,10,300
1612,107,0.29480324999894947,19.0,192.0,10,300
1613,108,0.2952326249796897,16.0,194.0,10,300
1614,109,0.2956715830368921,15.0,196.0,10,300
1615,110,0.2961191659560427,16.0,198.0,10,300
1616,111,0.2965651659760624,15.0,200.0,10,300
1617,112,0.29700987495016307,16.0,202.0,10,300
1618,113,0.29745670803822577,18.0,204.0,10,300
1619,114,0.2979022910585627,18.0,205.0,10,300
1620,115,0.2983488329919055,18.0,206.0,10,300
1621,116,0.2987948330119252,18.0,208.0,10,300
1622,117,0.29924004105851054,18.0,209.0,10,300
1623,118,0.2996866659959778,18.0,210.0,10,300
1624,119,0.30013654101639986,19.0,212.0,10,300
1625,120,0.3005844160215929,18.0,214.0,10,300
1626,121,0.3010312910191715,19.0,216.0,10,300
1627,122,0.3016227079788223,18.0,218.0,10,300
1628,123,0.3021391249494627,19.0,220.0,10,300
1629,124,0.30261379096191376,17.0,222.0,10,300
1630,125,0.30307675001677126,18.0,224.0,10,300
1631,126,0.3035360410576686,16.0,226.0,10,300
1632,127,0.3039925410412252,17.0,228.0,10,300
1633,128,0.3044479580130428,16.0,230.0,10,300
1634,129,0.30491175001952797,16.0,232.0,10,300
1635,130,0.30536879098508507,15.0,234.0,10,300
1636,131,0.30582329095341265,15.0,235.0,10,300
1637,132,0.3062744999770075,15.0,237.0,10,300
1638,133,0.30672754102852196,15.0,238.0,10,300
1639,134,0.307584207970649,13.0,240.0,10,300
1640,135,0.30843816604465246,13.0,242.0,10,300
1641,136,0.30889108299743384,14.0,244.0,10,300
1642,137,0.3093387910630554,15.0,246.0,10,300
1643,138,0.3101750409696251,16.0,248.0,10,300
1644,139,0.31061525002587587,17.0,250.0,10,300
1645,140,0.31105620798189193,17.0,251.0,10,300
1646,141,0.3114977499935776,17.0,252.0,10,300
1647,142,0.3119402499869466,19.0,254.0,10,300
1648,143,0.312380125047639,17.0,256.0,10,300
1649,144,0.3128198330523446,18.0,258.0,10,300
1650,145,0.31326258298940957,20.0,260.0,10,300
1651,146,0.3140917910495773,19.0,262.0,10,300
1652,147,0.31492050003726035,19.0,263.0,10,300
1653,148,0.31536274997051805,19.0,265.0,10,300
1654,149,0.31580283294897527,19.0,266.0,10,300
1655,150,0.3166322499746457,19.0,268.0,10,300
1656,151,0.31707816605921835,19.0,270.0,10,300
1657,152,0.31751945801079273,21.0,272.0,10,300
1658,153,0.31836483301594853,21.0,274.0,10,300
1659,154,0.31882179097738117,21.0,275.0,10,300
1660,155,0.31927783298306167,20.0,277.0,10,300
1661,156,0.31973233295138925,20.0,278.0,10,300
1662,157,0.3205639160005376,22.0,280.0,10,300
1663,158,0.3210068750195205,22.0,282.0,10,300
1664,159,0.3214561250060797,22.0,284.0,10,300
1665,160,0.32189929101150483,22.0,285.0,10,300
1666,161,0.3223433749517426,21.0,287.0,10,300
1667,162,0.32278687495272607,19.0,289.0,10,300
1668,163,0.3236233330098912,18.0,291.0,10,300
1669,164,0.32445766602177173,19.0,293.0,10,300
1670,165,0.3249042499810457,19.0,295.0,10,300
1671,166,0.3253492909716442,19.0,296.0,10,300
1672,167,0.3257954999571666,19.0,297.0,10,300
1673,168,0.3262437500525266,20.0,299.0,10,300
1674,169,0.3267050830181688,22.0,301.0,10,300
1675,170,0.32716574997175485,21.0,303.0,10,300
1676,171,0.32762574998196214,21.0,304.0,10,300
1677,172,0.3280858329962939,21.0,305.0,10,300
1678,173,0.3285469999536872,19.0,307.0,10,300
1679,174,0.32900866598356515,18.0,309.0,10,300
1680,175,0.32946983305737376,17.0,311.0,10,300
1681,176,0.3299315000185743,20.0,313.0,10,300
1682,177,0.330392666044645,20.0,314.0,10,300
1683,178,0.33085450006183237,20.0,315.0,10,300
1684,179,0.3313448750413954,20.0,316.0,10,300
1685,180,0.33186687505804,19.0,318.0,10,300
1686,181,0.33234058297239244,18.0,320.0,10,300
1687,182,0.3328098750207573,18.0,321.0,10,300
1688,183,0.33327841595746577,18.0,322.0,10,300
1689,184,0.3337469999678433,19.0,324.0,10,300
1690,185,0.33421358303166926,19.0,325.0,10,300
1691,186,0.33478779101278633,20.0,327.0,10,300
1692,187,0.33531441597733647,19.0,329.0,10,300
1693,188,0.33580987504683435,19.0,330.0,10,300
1694,189,0.3362887080293149,19.0,331.0,10,300
1695,190,0.3367645409889519,19.0,333.0,10,300
1696,191,0.3372397910570726,20.0,335.0,10,300
1697,192,0.3377144580008462,20.0,336.0,10,300
1698,193,0.33818812505342066,21.0,338.0,10,300
1699,194,0.3386607499560341,21.0,339.0,10,300
1700,195,0.33913149998988956,21.0,341.0,10,300
1701,196,0.3396046250127256,22.0,343.0,10,300
1702,197,0.3400748330168426,22.0,344.0,10,300
1703,198,0.3405439159832895,22.0,345.0,10,300
1704,199,0.3410148329567164,20.0,347.0,10,300
1705,200,0.34153299999888986,20.0,348.0,10,300
1706,201,0.3424205830087885,20.0,349.0,10,300
1707,202,0.3428925829939544,21.0,351.0,10,300
1708,203,0.3433619160205126,22.0,353.0,10,300
1709,204,0.3438318750122562,20.0,355.0,10,300
1710,205,0.34430200001224875,20.0,357.0,10,300
1711,206,0.3447739160619676,20.0,358.0,10,300
1712,207,0.34524287504609674,19.0,360.0,10,300
1713,208,0.34571270796004683,19.0,362.0,10,300
1714,209,0.346182957990095,19.0,363.0,10,300
1715,210,0.3466512080049142,18.0,365.0,10,300
1716,211,0.34711966605391353,17.0,367.0,10,300
1717,212,0.347589583019726,18.0,369.0,10,300
1718,213,0.34806162503082305,18.0,371.0,10,300
1719,214,0.3485315829748288,18.0,373.0,10,300
1720,215,0.34900170797482133,19.0,375.0,10,300
1721,216,0.3498731249710545,17.0,377.0,10,300
1722,217,0.35034674999769777,14.0,379.0,10,300
1723,218,0.3508284999988973,15.0,381.0,10,300
1724,219,0.3513018749654293,14.0,383.0,10,300
1725,220,0.35177695797756314,14.0,385.0,10,300
1726,221,0.35224979103077203,14.0,386.0,10,300
1727,222,0.35312462504953146,14.0,387.0,10,300
1728,223,0.3535951250232756,14.0,388.0,10,300
1729,224,0.3540677080163732,13.0,390.0,10,300
1730,225,0.35453966597560793,14.0,392.0,10,300
1731,226,0.35501220799051225,14.0,393.0,10,300
1732,227,0.35548595804721117,15.0,395.0,10,300
1733,228,0.3559587079798803,15.0,397.0,10,300
1734,229,0.35643270798027515,16.0,399.0,10,300
1735,230,0.35690650006290525,16.0,400.0,10,300
1736,231,0.35738062497694045,15.0,402.0,10,300
1737,232,0.35785408306401223,15.0,403.0,10,300
1738,233,0.3583309999667108,15.0,404.0,10,300
1739,234,0.35880704096052796,15.0,406.0,10,300
1740,235,0.35928125004284084,15.0,407.0,10,300
1741,236,0.36015295796096325,15.0,408.0,10,300
1742,237,0.3606302080443129,14.0,410.0,10,300
1743,238,0.3611079159891233,14.0,411.0,10,300
1744,239,0.3615907500497997,14.0,412.0,10,300
1745,240,0.3620660830056295,13.0,414.0,10,300
1746,241,0.36254674999509007,13.0,416.0,10,300
1747,242,0.3634227910079062,13.0,418.0,10,300
1748,243,0.36389949999284,13.0,419.0,10,300
1749,244,0.3643780000275001,13.0,420.0,10,300
1750,245,0.3648539159912616,12.0,422.0,10,300
1751,246,0.3653330410597846,12.0,423.0,10,300
1752,247,0.36581012501847,12.0,424.0,10,300
1753,248,0.36629162495955825,12.0,426.0,10,300
1754,249,0.3667706659762189,12.0,427.0,10,300
1755,250,0.3672527080634609,12.0,429.0,10,300
1756,251,0.36773220798932016,12.0,430.0,10,300
1757,252,0.368210208020173,13.0,432.0,10,300
1758,253,0.36868845799472183,13.0,433.0,10,300
1759,254,0.36916491598822176,13.0,434.0,10,300
1760,255,0.36964479100424796,13.0,435.0,10,300
1761,256,0.37012483295984566,13.0,436.0,10,300
1762,257,0.37060516595374793,13.0,437.0,10,300
1763,258,0.37108499999158084,13.0,438.0,10,300
1764,259,0.3715667499927804,14.0,440.0,10,300
1765,260,0.37204612500499934,14.0,441.0,10,300
1766,261,0.3725264159729704,14.0,442.0,10,300
1767,262,0.37300741602666676,13.0,444.0,10,300
1768,263,0.37348675006069243,13.0,446.0,10,300
1769,264,0.37396758305840194,13.0,447.0,10,300
1770,265,0.37444783304817975,13.0,449.0,10,300
1771,266,0.374927332974039,13.0,450.0,10,300
1772,267,0.37540895806159824,13.0,452.0,10,300
1773,268,0.37589033297263086,13.0,453.0,10,300
1774,269,0.3763722500298172,13.0,454.0,10,300
1775,270,0.3768537499709055,13.0,455.0,10,300
1776,271,0.37733570800628513,12.0,457.0,10,300
1777,272,0.37781924998853356,12.0,458.0,10,300
1778,273,0.37830112501978874,12.0,460.0,10,300
1779,274,0.37878491601441056,12.0,461.0,10,300
1780,275,0.37966579105705023,11.0,463.0,10,300
1781,276,0.3801476249936968,12.0,465.0,10,300
1782,277,0.38063216605223715,12.0,467.0,10,300
1783,278,0.3811164579819888,12.0,468.0,10,300
1784,279,0.3816047500586137,12.0,469.0,10,300
1785,280,0.3820892079966143,12.0,470.0,10,300
1786,281,0.38257350004278123,12.0,471.0,10,300
1787,282,0.3830634159967303,12.0,472.0,10,300
1788,283,0.3835521249566227,11.0,474.0,10,300
1789,284,0.3840381250483915,11.0,475.0,10,300
1790,285,0.3845223330426961,11.0,476.0,10,300
1791,286,0.3850081249838695,10.0,478.0,10,300
1792,287,0.38549358304589987,10.0,480.0,10,300
1793,288,0.38597862503957003,10.0,481.0,10,300
1794,289,0.3864653749624267,10.0,482.0,10,300
1795,290,0.3869508750503883,10.0,483.0,10,300
1796,291,0.38783683301880956,10.0,484.0,10,300
1797,292,0.38832416594959795,10.0,485.0,10,300
1798,293,0.3888110000407323,10.0,486.0,10,300
1799,294,0.3892962080426514,10.0,487.0,10,300
1800,295,0.3897838330594823,10.0,488.0,10,300
1801,296,0.3902705409564078,10.0,490.0,10,300
1802,297,0.3907606659922749,10.0,491.0,10,300
1803,298,0.39124883303884417,10.0,492.0,10,300
1804,299,0.3917392500443384,10.0,493.0,10,300
1805,300,0.3922275409568101,10.0,494.0,10,300
